1 2 3 4 5 6 7 8 9 10 11 12 13 14 15 16 17 18 19 20 21 22 23 24 0
25 26 27 28 29 30 31 32 33 34 35 36 37 38 39 40 41 42 43 44 45 46 47 48 0
49 50 51 52 53 54 55 56 57 58 59 60 61 62 63 64 65 66 67 68 69 70 71 72 0
73 74 75 76 77 78 79 80 81 82 83 84 85 86 87 88 89 90 91 92 93 94 95 96 0
97 98 99 100 101 102 103 104 105 106 107 108 109 110 111 112 113 114 115 116 117 118 119 120 0
121 122 123 124 125 126 127 128 129 130 131 132 133 134 135 136 137 138 139 140 141 142 143 144 0
145 146 147 148 149 150 151 152 153 154 155 156 157 158 159 160 161 162 163 164 165 166 167 168 0
169 170 171 172 173 174 175 176 177 178 179 180 181 182 183 184 185 186 187 188 189 190 191 192 0
73 74 75 76 77 78 79 80 81 82 83 84 85 86 87 88 89 90 91 92 93 94 95 96 0
193 194 195 196 197 198 199 200 201 202 203 204 205 206 207 208 209 210 211 212 213 214 215 216 0
217 218 219 220 221 222 223 224 225 226 227 228 229 230 231 232 233 234 235 236 237 238 239 240 0
97 98 99 100 101 102 103 104 105 106 107 108 109 110 111 112 113 114 115 116 117 118 119 120 0
97 98 99 100 101 102 103 104 105 106 107 108 109 110 111 112 113 114 115 116 117 118 119 120 0
241 242 243 244 245 246 247 248 249 250 251 252 253 254 255 256 257 258 259 260 261 262 263 264 0
25 26 27 28 29 30 31 32 33 34 35 36 37 38 39 40 41 42 43 44 45 46 47 48 0
265 266 267 268 269 270 271 272 273 274 275 276 277 278 279 280 281 282 283 284 285 286 287 288 0
289 290 291 292 293 294 295 296 297 298 299 300 301 302 303 304 305 306 307 308 309 310 311 312 0
313 314 315 316 317 318 319 320 321 322 323 324 325 326 327 328 329 330 331 332 333 334 335 336 0
337 338 339 340 341 342 343 344 345 346 347 348 349 350 351 352 353 354 355 356 357 358 359 360 0
361 362 363 364 365 366 367 368 369 370 371 372 373 374 375 376 377 378 379 380 381 382 383 384 0
385 386 387 388 389 390 391 392 393 394 395 396 397 398 399 400 401 402 403 404 405 406 407 408 0
409 410 411 412 413 414 415 416 417 418 419 420 421 422 423 424 425 426 427 428 429 430 431 432 0
433 434 435 436 437 438 439 440 441 442 443 444 445 446 447 448 449 450 451 452 453 454 455 456 0
289 290 291 292 293 294 295 296 297 298 299 300 301 302 303 304 305 306 307 308 309 310 311 312 0
457 458 459 460 461 462 463 464 465 466 467 468 469 470 471 472 473 474 475 476 477 478 479 480 0
433 434 435 436 437 438 439 440 441 442 443 444 445 446 447 448 449 450 451 452 453 454 455 456 0
409 410 411 412 413 414 415 416 417 418 419 420 421 422 423 424 425 426 427 428 429 430 431 432 0
481 482 483 484 485 486 487 488 489 490 491 492 493 494 495 496 497 498 499 500 501 502 503 504 0
505 506 507 508 509 510 511 512 513 514 515 516 517 518 519 520 521 522 523 524 525 526 527 528 0
97 98 99 100 101 102 103 104 105 106 107 108 109 110 111 112 113 114 115 116 117 118 119 120 0
337 338 339 340 341 342 343 344 345 346 347 348 349 350 351 352 353 354 355 356 357 358 359 360 0
121 122 123 124 125 126 127 128 129 130 131 132 133 134 135 136 137 138 139 140 141 142 143 144 0
265 266 267 268 269 270 271 272 273 274 275 276 277 278 279 280 281 282 283 284 285 286 287 288 0
433 434 435 436 437 438 439 440 441 442 443 444 445 446 447 448 449 450 451 452 453 454 455 456 0
193 194 195 196 197 198 199 200 201 202 203 204 205 206 207 208 209 210 211 212 213 214 215 216 0
49 50 51 52 53 54 55 56 57 58 59 60 61 62 63 64 65 66 67 68 69 70 71 72 0
241 242 243 244 245 246 247 248 249 250 251 252 253 254 255 256 257 258 259 260 261 262 263 264 0
313 314 315 316 317 318 319 320 321 322 323 324 325 326 327 328 329 330 331 332 333 334 335 336 0
121 122 123 124 125 126 127 128 129 130 131 132 133 134 135 136 137 138 139 140 141 142 143 144 0
145 146 147 148 149 150 151 152 153 154 155 156 157 158 159 160 161 162 163 164 165 166 167 168 0
265 266 267 268 269 270 271 272 273 274 275 276 277 278 279 280 281 282 283 284 285 286 287 288 0
433 434 435 436 437 438 439 440 441 442 443 444 445 446 447 448 449 450 451 452 453 454 455 456 0
385 386 387 388 389 390 391 392 393 394 395 396 397 398 399 400 401 402 403 404 405 406 407 408 0
217 218 219 220 221 222 223 224 225 226 227 228 229 230 231 232 233 234 235 236 237 238 239 240 0
529 530 531 532 533 534 535 536 537 538 539 540 541 542 543 544 545 546 547 548 549 550 551 552 0
337 338 339 340 341 342 343 344 345 346 347 348 349 350 351 352 353 354 355 356 357 358 359 360 0
25 26 27 28 29 30 31 32 33 34 35 36 37 38 39 40 41 42 43 44 45 46 47 48 0
481 482 483 484 485 486 487 488 489 490 491 492 493 494 495 496 497 498 499 500 501 502 503 504 0
25 1 193 361 73 553 289 217 313 457 49 265 409 121 97 481 337 385 505 433 241 529 169 145 0
-25 -1 0
-25 -193 0
-25 -361 0
-25 -73 0
-25 -553 0
-25 -289 0
-25 -217 0
-25 -313 0
-25 -457 0
-25 -49 0
-25 -265 0
-25 -409 0
-25 -121 0
-25 -97 0
-25 -481 0
-25 -337 0
-25 -385 0
-25 -505 0
-25 -433 0
-25 -241 0
-25 -529 0
-25 -169 0
-25 -145 0
-1 -193 0
-1 -361 0
-1 -73 0
-1 -553 0
-1 -289 0
-1 -217 0
-1 -313 0
-1 -457 0
-1 -49 0
-1 -265 0
-1 -409 0
-1 -121 0
-1 -97 0
-1 -481 0
-1 -337 0
-1 -385 0
-1 -505 0
-1 -433 0
-1 -241 0
-1 -529 0
-1 -169 0
-1 -145 0
-193 -361 0
-193 -73 0
-193 -553 0
-193 -289 0
-193 -217 0
-193 -313 0
-193 -457 0
-193 -49 0
-193 -265 0
-193 -409 0
-193 -121 0
-193 -97 0
-193 -481 0
-193 -337 0
-193 -385 0
-193 -505 0
-193 -433 0
-193 -241 0
-193 -529 0
-193 -169 0
-193 -145 0
-361 -73 0
-361 -553 0
-361 -289 0
-361 -217 0
-361 -313 0
-361 -457 0
-361 -49 0
-361 -265 0
-361 -409 0
-361 -121 0
-361 -97 0
-361 -481 0
-361 -337 0
-361 -385 0
-361 -505 0
-361 -433 0
-361 -241 0
-361 -529 0
-361 -169 0
-361 -145 0
-73 -553 0
-73 -289 0
-73 -217 0
-73 -313 0
-73 -457 0
-73 -49 0
-73 -265 0
-73 -409 0
-73 -121 0
-73 -97 0
-73 -481 0
-73 -337 0
-73 -385 0
-73 -505 0
-73 -433 0
-73 -241 0
-73 -529 0
-73 -169 0
-73 -145 0
-553 -289 0
-553 -217 0
-553 -313 0
-553 -457 0
-553 -49 0
-553 -265 0
-553 -409 0
-553 -121 0
-553 -97 0
-553 -481 0
-553 -337 0
-553 -385 0
-553 -505 0
-553 -433 0
-553 -241 0
-553 -529 0
-553 -169 0
-553 -145 0
-289 -217 0
-289 -313 0
-289 -457 0
-289 -49 0
-289 -265 0
-289 -409 0
-289 -121 0
-289 -97 0
-289 -481 0
-289 -337 0
-289 -385 0
-289 -505 0
-289 -433 0
-289 -241 0
-289 -529 0
-289 -169 0
-289 -145 0
-217 -313 0
-217 -457 0
-217 -49 0
-217 -265 0
-217 -409 0
-217 -121 0
-217 -97 0
-217 -481 0
-217 -337 0
-217 -385 0
-217 -505 0
-217 -433 0
-217 -241 0
-217 -529 0
-217 -169 0
-217 -145 0
-313 -457 0
-313 -49 0
-313 -265 0
-313 -409 0
-313 -121 0
-313 -97 0
-313 -481 0
-313 -337 0
-313 -385 0
-313 -505 0
-313 -433 0
-313 -241 0
-313 -529 0
-313 -169 0
-313 -145 0
-457 -49 0
-457 -265 0
-457 -409 0
-457 -121 0
-457 -97 0
-457 -481 0
-457 -337 0
-457 -385 0
-457 -505 0
-457 -433 0
-457 -241 0
-457 -529 0
-457 -169 0
-457 -145 0
-49 -265 0
-49 -409 0
-49 -121 0
-49 -97 0
-49 -481 0
-49 -337 0
-49 -385 0
-49 -505 0
-49 -433 0
-49 -241 0
-49 -529 0
-49 -169 0
-49 -145 0
-265 -409 0
-265 -121 0
-265 -97 0
-265 -481 0
-265 -337 0
-265 -385 0
-265 -505 0
-265 -433 0
-265 -241 0
-265 -529 0
-265 -169 0
-265 -145 0
-409 -121 0
-409 -97 0
-409 -481 0
-409 -337 0
-409 -385 0
-409 -505 0
-409 -433 0
-409 -241 0
-409 -529 0
-409 -169 0
-409 -145 0
-121 -97 0
-121 -481 0
-121 -337 0
-121 -385 0
-121 -505 0
-121 -433 0
-121 -241 0
-121 -529 0
-121 -169 0
-121 -145 0
-97 -481 0
-97 -337 0
-97 -385 0
-97 -505 0
-97 -433 0
-97 -241 0
-97 -529 0
-97 -169 0
-97 -145 0
-481 -337 0
-481 -385 0
-481 -505 0
-481 -433 0
-481 -241 0
-481 -529 0
-481 -169 0
-481 -145 0
-337 -385 0
-337 -505 0
-337 -433 0
-337 -241 0
-337 -529 0
-337 -169 0
-337 -145 0
-385 -505 0
-385 -433 0
-385 -241 0
-385 -529 0
-385 -169 0
-385 -145 0
-505 -433 0
-505 -241 0
-505 -529 0
-505 -169 0
-505 -145 0
-433 -241 0
-433 -529 0
-433 -169 0
-433 -145 0
-241 -529 0
-241 -169 0
-241 -145 0
-529 -169 0
-529 -145 0
-169 -145 0
29 5 197 365 77 554 293 221 317 461 53 269 413 125 101 485 341 389 509 437 245 533 173 149 0
-29 -5 0
-29 -197 0
-29 -365 0
-29 -77 0
-29 -554 0
-29 -293 0
-29 -221 0
-29 -317 0
-29 -461 0
-29 -53 0
-29 -269 0
-29 -413 0
-29 -125 0
-29 -101 0
-29 -485 0
-29 -341 0
-29 -389 0
-29 -509 0
-29 -437 0
-29 -245 0
-29 -533 0
-29 -173 0
-29 -149 0
-5 -197 0
-5 -365 0
-5 -77 0
-5 -554 0
-5 -293 0
-5 -221 0
-5 -317 0
-5 -461 0
-5 -53 0
-5 -269 0
-5 -413 0
-5 -125 0
-5 -101 0
-5 -485 0
-5 -341 0
-5 -389 0
-5 -509 0
-5 -437 0
-5 -245 0
-5 -533 0
-5 -173 0
-5 -149 0
-197 -365 0
-197 -77 0
-197 -554 0
-197 -293 0
-197 -221 0
-197 -317 0
-197 -461 0
-197 -53 0
-197 -269 0
-197 -413 0
-197 -125 0
-197 -101 0
-197 -485 0
-197 -341 0
-197 -389 0
-197 -509 0
-197 -437 0
-197 -245 0
-197 -533 0
-197 -173 0
-197 -149 0
-365 -77 0
-365 -554 0
-365 -293 0
-365 -221 0
-365 -317 0
-365 -461 0
-365 -53 0
-365 -269 0
-365 -413 0
-365 -125 0
-365 -101 0
-365 -485 0
-365 -341 0
-365 -389 0
-365 -509 0
-365 -437 0
-365 -245 0
-365 -533 0
-365 -173 0
-365 -149 0
-77 -554 0
-77 -293 0
-77 -221 0
-77 -317 0
-77 -461 0
-77 -53 0
-77 -269 0
-77 -413 0
-77 -125 0
-77 -101 0
-77 -485 0
-77 -341 0
-77 -389 0
-77 -509 0
-77 -437 0
-77 -245 0
-77 -533 0
-77 -173 0
-77 -149 0
-554 -293 0
-554 -221 0
-554 -317 0
-554 -461 0
-554 -53 0
-554 -269 0
-554 -413 0
-554 -125 0
-554 -101 0
-554 -485 0
-554 -341 0
-554 -389 0
-554 -509 0
-554 -437 0
-554 -245 0
-554 -533 0
-554 -173 0
-554 -149 0
-293 -221 0
-293 -317 0
-293 -461 0
-293 -53 0
-293 -269 0
-293 -413 0
-293 -125 0
-293 -101 0
-293 -485 0
-293 -341 0
-293 -389 0
-293 -509 0
-293 -437 0
-293 -245 0
-293 -533 0
-293 -173 0
-293 -149 0
-221 -317 0
-221 -461 0
-221 -53 0
-221 -269 0
-221 -413 0
-221 -125 0
-221 -101 0
-221 -485 0
-221 -341 0
-221 -389 0
-221 -509 0
-221 -437 0
-221 -245 0
-221 -533 0
-221 -173 0
-221 -149 0
-317 -461 0
-317 -53 0
-317 -269 0
-317 -413 0
-317 -125 0
-317 -101 0
-317 -485 0
-317 -341 0
-317 -389 0
-317 -509 0
-317 -437 0
-317 -245 0
-317 -533 0
-317 -173 0
-317 -149 0
-461 -53 0
-461 -269 0
-461 -413 0
-461 -125 0
-461 -101 0
-461 -485 0
-461 -341 0
-461 -389 0
-461 -509 0
-461 -437 0
-461 -245 0
-461 -533 0
-461 -173 0
-461 -149 0
-53 -269 0
-53 -413 0
-53 -125 0
-53 -101 0
-53 -485 0
-53 -341 0
-53 -389 0
-53 -509 0
-53 -437 0
-53 -245 0
-53 -533 0
-53 -173 0
-53 -149 0
-269 -413 0
-269 -125 0
-269 -101 0
-269 -485 0
-269 -341 0
-269 -389 0
-269 -509 0
-269 -437 0
-269 -245 0
-269 -533 0
-269 -173 0
-269 -149 0
-413 -125 0
-413 -101 0
-413 -485 0
-413 -341 0
-413 -389 0
-413 -509 0
-413 -437 0
-413 -245 0
-413 -533 0
-413 -173 0
-413 -149 0
-125 -101 0
-125 -485 0
-125 -341 0
-125 -389 0
-125 -509 0
-125 -437 0
-125 -245 0
-125 -533 0
-125 -173 0
-125 -149 0
-101 -485 0
-101 -341 0
-101 -389 0
-101 -509 0
-101 -437 0
-101 -245 0
-101 -533 0
-101 -173 0
-101 -149 0
-485 -341 0
-485 -389 0
-485 -509 0
-485 -437 0
-485 -245 0
-485 -533 0
-485 -173 0
-485 -149 0
-341 -389 0
-341 -509 0
-341 -437 0
-341 -245 0
-341 -533 0
-341 -173 0
-341 -149 0
-389 -509 0
-389 -437 0
-389 -245 0
-389 -533 0
-389 -173 0
-389 -149 0
-509 -437 0
-509 -245 0
-509 -533 0
-509 -173 0
-509 -149 0
-437 -245 0
-437 -533 0
-437 -173 0
-437 -149 0
-245 -533 0
-245 -173 0
-245 -149 0
-533 -173 0
-533 -149 0
-173 -149 0
33 9 201 369 81 555 297 225 321 465 57 273 417 129 105 489 345 393 513 441 249 537 177 153 0
-33 -9 0
-33 -201 0
-33 -369 0
-33 -81 0
-33 -555 0
-33 -297 0
-33 -225 0
-33 -321 0
-33 -465 0
-33 -57 0
-33 -273 0
-33 -417 0
-33 -129 0
-33 -105 0
-33 -489 0
-33 -345 0
-33 -393 0
-33 -513 0
-33 -441 0
-33 -249 0
-33 -537 0
-33 -177 0
-33 -153 0
-9 -201 0
-9 -369 0
-9 -81 0
-9 -555 0
-9 -297 0
-9 -225 0
-9 -321 0
-9 -465 0
-9 -57 0
-9 -273 0
-9 -417 0
-9 -129 0
-9 -105 0
-9 -489 0
-9 -345 0
-9 -393 0
-9 -513 0
-9 -441 0
-9 -249 0
-9 -537 0
-9 -177 0
-9 -153 0
-201 -369 0
-201 -81 0
-201 -555 0
-201 -297 0
-201 -225 0
-201 -321 0
-201 -465 0
-201 -57 0
-201 -273 0
-201 -417 0
-201 -129 0
-201 -105 0
-201 -489 0
-201 -345 0
-201 -393 0
-201 -513 0
-201 -441 0
-201 -249 0
-201 -537 0
-201 -177 0
-201 -153 0
-369 -81 0
-369 -555 0
-369 -297 0
-369 -225 0
-369 -321 0
-369 -465 0
-369 -57 0
-369 -273 0
-369 -417 0
-369 -129 0
-369 -105 0
-369 -489 0
-369 -345 0
-369 -393 0
-369 -513 0
-369 -441 0
-369 -249 0
-369 -537 0
-369 -177 0
-369 -153 0
-81 -555 0
-81 -297 0
-81 -225 0
-81 -321 0
-81 -465 0
-81 -57 0
-81 -273 0
-81 -417 0
-81 -129 0
-81 -105 0
-81 -489 0
-81 -345 0
-81 -393 0
-81 -513 0
-81 -441 0
-81 -249 0
-81 -537 0
-81 -177 0
-81 -153 0
-555 -297 0
-555 -225 0
-555 -321 0
-555 -465 0
-555 -57 0
-555 -273 0
-555 -417 0
-555 -129 0
-555 -105 0
-555 -489 0
-555 -345 0
-555 -393 0
-555 -513 0
-555 -441 0
-555 -249 0
-555 -537 0
-555 -177 0
-555 -153 0
-297 -225 0
-297 -321 0
-297 -465 0
-297 -57 0
-297 -273 0
-297 -417 0
-297 -129 0
-297 -105 0
-297 -489 0
-297 -345 0
-297 -393 0
-297 -513 0
-297 -441 0
-297 -249 0
-297 -537 0
-297 -177 0
-297 -153 0
-225 -321 0
-225 -465 0
-225 -57 0
-225 -273 0
-225 -417 0
-225 -129 0
-225 -105 0
-225 -489 0
-225 -345 0
-225 -393 0
-225 -513 0
-225 -441 0
-225 -249 0
-225 -537 0
-225 -177 0
-225 -153 0
-321 -465 0
-321 -57 0
-321 -273 0
-321 -417 0
-321 -129 0
-321 -105 0
-321 -489 0
-321 -345 0
-321 -393 0
-321 -513 0
-321 -441 0
-321 -249 0
-321 -537 0
-321 -177 0
-321 -153 0
-465 -57 0
-465 -273 0
-465 -417 0
-465 -129 0
-465 -105 0
-465 -489 0
-465 -345 0
-465 -393 0
-465 -513 0
-465 -441 0
-465 -249 0
-465 -537 0
-465 -177 0
-465 -153 0
-57 -273 0
-57 -417 0
-57 -129 0
-57 -105 0
-57 -489 0
-57 -345 0
-57 -393 0
-57 -513 0
-57 -441 0
-57 -249 0
-57 -537 0
-57 -177 0
-57 -153 0
-273 -417 0
-273 -129 0
-273 -105 0
-273 -489 0
-273 -345 0
-273 -393 0
-273 -513 0
-273 -441 0
-273 -249 0
-273 -537 0
-273 -177 0
-273 -153 0
-417 -129 0
-417 -105 0
-417 -489 0
-417 -345 0
-417 -393 0
-417 -513 0
-417 -441 0
-417 -249 0
-417 -537 0
-417 -177 0
-417 -153 0
-129 -105 0
-129 -489 0
-129 -345 0
-129 -393 0
-129 -513 0
-129 -441 0
-129 -249 0
-129 -537 0
-129 -177 0
-129 -153 0
-105 -489 0
-105 -345 0
-105 -393 0
-105 -513 0
-105 -441 0
-105 -249 0
-105 -537 0
-105 -177 0
-105 -153 0
-489 -345 0
-489 -393 0
-489 -513 0
-489 -441 0
-489 -249 0
-489 -537 0
-489 -177 0
-489 -153 0
-345 -393 0
-345 -513 0
-345 -441 0
-345 -249 0
-345 -537 0
-345 -177 0
-345 -153 0
-393 -513 0
-393 -441 0
-393 -249 0
-393 -537 0
-393 -177 0
-393 -153 0
-513 -441 0
-513 -249 0
-513 -537 0
-513 -177 0
-513 -153 0
-441 -249 0
-441 -537 0
-441 -177 0
-441 -153 0
-249 -537 0
-249 -177 0
-249 -153 0
-537 -177 0
-537 -153 0
-177 -153 0
37 13 205 373 85 556 301 229 325 469 61 277 421 133 109 493 349 397 517 445 253 541 181 157 0
-37 -13 0
-37 -205 0
-37 -373 0
-37 -85 0
-37 -556 0
-37 -301 0
-37 -229 0
-37 -325 0
-37 -469 0
-37 -61 0
-37 -277 0
-37 -421 0
-37 -133 0
-37 -109 0
-37 -493 0
-37 -349 0
-37 -397 0
-37 -517 0
-37 -445 0
-37 -253 0
-37 -541 0
-37 -181 0
-37 -157 0
-13 -205 0
-13 -373 0
-13 -85 0
-13 -556 0
-13 -301 0
-13 -229 0
-13 -325 0
-13 -469 0
-13 -61 0
-13 -277 0
-13 -421 0
-13 -133 0
-13 -109 0
-13 -493 0
-13 -349 0
-13 -397 0
-13 -517 0
-13 -445 0
-13 -253 0
-13 -541 0
-13 -181 0
-13 -157 0
-205 -373 0
-205 -85 0
-205 -556 0
-205 -301 0
-205 -229 0
-205 -325 0
-205 -469 0
-205 -61 0
-205 -277 0
-205 -421 0
-205 -133 0
-205 -109 0
-205 -493 0
-205 -349 0
-205 -397 0
-205 -517 0
-205 -445 0
-205 -253 0
-205 -541 0
-205 -181 0
-205 -157 0
-373 -85 0
-373 -556 0
-373 -301 0
-373 -229 0
-373 -325 0
-373 -469 0
-373 -61 0
-373 -277 0
-373 -421 0
-373 -133 0
-373 -109 0
-373 -493 0
-373 -349 0
-373 -397 0
-373 -517 0
-373 -445 0
-373 -253 0
-373 -541 0
-373 -181 0
-373 -157 0
-85 -556 0
-85 -301 0
-85 -229 0
-85 -325 0
-85 -469 0
-85 -61 0
-85 -277 0
-85 -421 0
-85 -133 0
-85 -109 0
-85 -493 0
-85 -349 0
-85 -397 0
-85 -517 0
-85 -445 0
-85 -253 0
-85 -541 0
-85 -181 0
-85 -157 0
-556 -301 0
-556 -229 0
-556 -325 0
-556 -469 0
-556 -61 0
-556 -277 0
-556 -421 0
-556 -133 0
-556 -109 0
-556 -493 0
-556 -349 0
-556 -397 0
-556 -517 0
-556 -445 0
-556 -253 0
-556 -541 0
-556 -181 0
-556 -157 0
-301 -229 0
-301 -325 0
-301 -469 0
-301 -61 0
-301 -277 0
-301 -421 0
-301 -133 0
-301 -109 0
-301 -493 0
-301 -349 0
-301 -397 0
-301 -517 0
-301 -445 0
-301 -253 0
-301 -541 0
-301 -181 0
-301 -157 0
-229 -325 0
-229 -469 0
-229 -61 0
-229 -277 0
-229 -421 0
-229 -133 0
-229 -109 0
-229 -493 0
-229 -349 0
-229 -397 0
-229 -517 0
-229 -445 0
-229 -253 0
-229 -541 0
-229 -181 0
-229 -157 0
-325 -469 0
-325 -61 0
-325 -277 0
-325 -421 0
-325 -133 0
-325 -109 0
-325 -493 0
-325 -349 0
-325 -397 0
-325 -517 0
-325 -445 0
-325 -253 0
-325 -541 0
-325 -181 0
-325 -157 0
-469 -61 0
-469 -277 0
-469 -421 0
-469 -133 0
-469 -109 0
-469 -493 0
-469 -349 0
-469 -397 0
-469 -517 0
-469 -445 0
-469 -253 0
-469 -541 0
-469 -181 0
-469 -157 0
-61 -277 0
-61 -421 0
-61 -133 0
-61 -109 0
-61 -493 0
-61 -349 0
-61 -397 0
-61 -517 0
-61 -445 0
-61 -253 0
-61 -541 0
-61 -181 0
-61 -157 0
-277 -421 0
-277 -133 0
-277 -109 0
-277 -493 0
-277 -349 0
-277 -397 0
-277 -517 0
-277 -445 0
-277 -253 0
-277 -541 0
-277 -181 0
-277 -157 0
-421 -133 0
-421 -109 0
-421 -493 0
-421 -349 0
-421 -397 0
-421 -517 0
-421 -445 0
-421 -253 0
-421 -541 0
-421 -181 0
-421 -157 0
-133 -109 0
-133 -493 0
-133 -349 0
-133 -397 0
-133 -517 0
-133 -445 0
-133 -253 0
-133 -541 0
-133 -181 0
-133 -157 0
-109 -493 0
-109 -349 0
-109 -397 0
-109 -517 0
-109 -445 0
-109 -253 0
-109 -541 0
-109 -181 0
-109 -157 0
-493 -349 0
-493 -397 0
-493 -517 0
-493 -445 0
-493 -253 0
-493 -541 0
-493 -181 0
-493 -157 0
-349 -397 0
-349 -517 0
-349 -445 0
-349 -253 0
-349 -541 0
-349 -181 0
-349 -157 0
-397 -517 0
-397 -445 0
-397 -253 0
-397 -541 0
-397 -181 0
-397 -157 0
-517 -445 0
-517 -253 0
-517 -541 0
-517 -181 0
-517 -157 0
-445 -253 0
-445 -541 0
-445 -181 0
-445 -157 0
-253 -541 0
-253 -181 0
-253 -157 0
-541 -181 0
-541 -157 0
-181 -157 0
41 17 209 377 89 557 305 233 329 473 65 281 425 137 113 497 353 401 521 449 257 545 185 161 0
-41 -17 0
-41 -209 0
-41 -377 0
-41 -89 0
-41 -557 0
-41 -305 0
-41 -233 0
-41 -329 0
-41 -473 0
-41 -65 0
-41 -281 0
-41 -425 0
-41 -137 0
-41 -113 0
-41 -497 0
-41 -353 0
-41 -401 0
-41 -521 0
-41 -449 0
-41 -257 0
-41 -545 0
-41 -185 0
-41 -161 0
-17 -209 0
-17 -377 0
-17 -89 0
-17 -557 0
-17 -305 0
-17 -233 0
-17 -329 0
-17 -473 0
-17 -65 0
-17 -281 0
-17 -425 0
-17 -137 0
-17 -113 0
-17 -497 0
-17 -353 0
-17 -401 0
-17 -521 0
-17 -449 0
-17 -257 0
-17 -545 0
-17 -185 0
-17 -161 0
-209 -377 0
-209 -89 0
-209 -557 0
-209 -305 0
-209 -233 0
-209 -329 0
-209 -473 0
-209 -65 0
-209 -281 0
-209 -425 0
-209 -137 0
-209 -113 0
-209 -497 0
-209 -353 0
-209 -401 0
-209 -521 0
-209 -449 0
-209 -257 0
-209 -545 0
-209 -185 0
-209 -161 0
-377 -89 0
-377 -557 0
-377 -305 0
-377 -233 0
-377 -329 0
-377 -473 0
-377 -65 0
-377 -281 0
-377 -425 0
-377 -137 0
-377 -113 0
-377 -497 0
-377 -353 0
-377 -401 0
-377 -521 0
-377 -449 0
-377 -257 0
-377 -545 0
-377 -185 0
-377 -161 0
-89 -557 0
-89 -305 0
-89 -233 0
-89 -329 0
-89 -473 0
-89 -65 0
-89 -281 0
-89 -425 0
-89 -137 0
-89 -113 0
-89 -497 0
-89 -353 0
-89 -401 0
-89 -521 0
-89 -449 0
-89 -257 0
-89 -545 0
-89 -185 0
-89 -161 0
-557 -305 0
-557 -233 0
-557 -329 0
-557 -473 0
-557 -65 0
-557 -281 0
-557 -425 0
-557 -137 0
-557 -113 0
-557 -497 0
-557 -353 0
-557 -401 0
-557 -521 0
-557 -449 0
-557 -257 0
-557 -545 0
-557 -185 0
-557 -161 0
-305 -233 0
-305 -329 0
-305 -473 0
-305 -65 0
-305 -281 0
-305 -425 0
-305 -137 0
-305 -113 0
-305 -497 0
-305 -353 0
-305 -401 0
-305 -521 0
-305 -449 0
-305 -257 0
-305 -545 0
-305 -185 0
-305 -161 0
-233 -329 0
-233 -473 0
-233 -65 0
-233 -281 0
-233 -425 0
-233 -137 0
-233 -113 0
-233 -497 0
-233 -353 0
-233 -401 0
-233 -521 0
-233 -449 0
-233 -257 0
-233 -545 0
-233 -185 0
-233 -161 0
-329 -473 0
-329 -65 0
-329 -281 0
-329 -425 0
-329 -137 0
-329 -113 0
-329 -497 0
-329 -353 0
-329 -401 0
-329 -521 0
-329 -449 0
-329 -257 0
-329 -545 0
-329 -185 0
-329 -161 0
-473 -65 0
-473 -281 0
-473 -425 0
-473 -137 0
-473 -113 0
-473 -497 0
-473 -353 0
-473 -401 0
-473 -521 0
-473 -449 0
-473 -257 0
-473 -545 0
-473 -185 0
-473 -161 0
-65 -281 0
-65 -425 0
-65 -137 0
-65 -113 0
-65 -497 0
-65 -353 0
-65 -401 0
-65 -521 0
-65 -449 0
-65 -257 0
-65 -545 0
-65 -185 0
-65 -161 0
-281 -425 0
-281 -137 0
-281 -113 0
-281 -497 0
-281 -353 0
-281 -401 0
-281 -521 0
-281 -449 0
-281 -257 0
-281 -545 0
-281 -185 0
-281 -161 0
-425 -137 0
-425 -113 0
-425 -497 0
-425 -353 0
-425 -401 0
-425 -521 0
-425 -449 0
-425 -257 0
-425 -545 0
-425 -185 0
-425 -161 0
-137 -113 0
-137 -497 0
-137 -353 0
-137 -401 0
-137 -521 0
-137 -449 0
-137 -257 0
-137 -545 0
-137 -185 0
-137 -161 0
-113 -497 0
-113 -353 0
-113 -401 0
-113 -521 0
-113 -449 0
-113 -257 0
-113 -545 0
-113 -185 0
-113 -161 0
-497 -353 0
-497 -401 0
-497 -521 0
-497 -449 0
-497 -257 0
-497 -545 0
-497 -185 0
-497 -161 0
-353 -401 0
-353 -521 0
-353 -449 0
-353 -257 0
-353 -545 0
-353 -185 0
-353 -161 0
-401 -521 0
-401 -449 0
-401 -257 0
-401 -545 0
-401 -185 0
-401 -161 0
-521 -449 0
-521 -257 0
-521 -545 0
-521 -185 0
-521 -161 0
-449 -257 0
-449 -545 0
-449 -185 0
-449 -161 0
-257 -545 0
-257 -185 0
-257 -161 0
-545 -185 0
-545 -161 0
-185 -161 0
45 21 213 381 93 558 309 237 333 477 69 285 429 141 117 501 357 405 525 453 261 549 189 165 0
-45 -21 0
-45 -213 0
-45 -381 0
-45 -93 0
-45 -558 0
-45 -309 0
-45 -237 0
-45 -333 0
-45 -477 0
-45 -69 0
-45 -285 0
-45 -429 0
-45 -141 0
-45 -117 0
-45 -501 0
-45 -357 0
-45 -405 0
-45 -525 0
-45 -453 0
-45 -261 0
-45 -549 0
-45 -189 0
-45 -165 0
-21 -213 0
-21 -381 0
-21 -93 0
-21 -558 0
-21 -309 0
-21 -237 0
-21 -333 0
-21 -477 0
-21 -69 0
-21 -285 0
-21 -429 0
-21 -141 0
-21 -117 0
-21 -501 0
-21 -357 0
-21 -405 0
-21 -525 0
-21 -453 0
-21 -261 0
-21 -549 0
-21 -189 0
-21 -165 0
-213 -381 0
-213 -93 0
-213 -558 0
-213 -309 0
-213 -237 0
-213 -333 0
-213 -477 0
-213 -69 0
-213 -285 0
-213 -429 0
-213 -141 0
-213 -117 0
-213 -501 0
-213 -357 0
-213 -405 0
-213 -525 0
-213 -453 0
-213 -261 0
-213 -549 0
-213 -189 0
-213 -165 0
-381 -93 0
-381 -558 0
-381 -309 0
-381 -237 0
-381 -333 0
-381 -477 0
-381 -69 0
-381 -285 0
-381 -429 0
-381 -141 0
-381 -117 0
-381 -501 0
-381 -357 0
-381 -405 0
-381 -525 0
-381 -453 0
-381 -261 0
-381 -549 0
-381 -189 0
-381 -165 0
-93 -558 0
-93 -309 0
-93 -237 0
-93 -333 0
-93 -477 0
-93 -69 0
-93 -285 0
-93 -429 0
-93 -141 0
-93 -117 0
-93 -501 0
-93 -357 0
-93 -405 0
-93 -525 0
-93 -453 0
-93 -261 0
-93 -549 0
-93 -189 0
-93 -165 0
-558 -309 0
-558 -237 0
-558 -333 0
-558 -477 0
-558 -69 0
-558 -285 0
-558 -429 0
-558 -141 0
-558 -117 0
-558 -501 0
-558 -357 0
-558 -405 0
-558 -525 0
-558 -453 0
-558 -261 0
-558 -549 0
-558 -189 0
-558 -165 0
-309 -237 0
-309 -333 0
-309 -477 0
-309 -69 0
-309 -285 0
-309 -429 0
-309 -141 0
-309 -117 0
-309 -501 0
-309 -357 0
-309 -405 0
-309 -525 0
-309 -453 0
-309 -261 0
-309 -549 0
-309 -189 0
-309 -165 0
-237 -333 0
-237 -477 0
-237 -69 0
-237 -285 0
-237 -429 0
-237 -141 0
-237 -117 0
-237 -501 0
-237 -357 0
-237 -405 0
-237 -525 0
-237 -453 0
-237 -261 0
-237 -549 0
-237 -189 0
-237 -165 0
-333 -477 0
-333 -69 0
-333 -285 0
-333 -429 0
-333 -141 0
-333 -117 0
-333 -501 0
-333 -357 0
-333 -405 0
-333 -525 0
-333 -453 0
-333 -261 0
-333 -549 0
-333 -189 0
-333 -165 0
-477 -69 0
-477 -285 0
-477 -429 0
-477 -141 0
-477 -117 0
-477 -501 0
-477 -357 0
-477 -405 0
-477 -525 0
-477 -453 0
-477 -261 0
-477 -549 0
-477 -189 0
-477 -165 0
-69 -285 0
-69 -429 0
-69 -141 0
-69 -117 0
-69 -501 0
-69 -357 0
-69 -405 0
-69 -525 0
-69 -453 0
-69 -261 0
-69 -549 0
-69 -189 0
-69 -165 0
-285 -429 0
-285 -141 0
-285 -117 0
-285 -501 0
-285 -357 0
-285 -405 0
-285 -525 0
-285 -453 0
-285 -261 0
-285 -549 0
-285 -189 0
-285 -165 0
-429 -141 0
-429 -117 0
-429 -501 0
-429 -357 0
-429 -405 0
-429 -525 0
-429 -453 0
-429 -261 0
-429 -549 0
-429 -189 0
-429 -165 0
-141 -117 0
-141 -501 0
-141 -357 0
-141 -405 0
-141 -525 0
-141 -453 0
-141 -261 0
-141 -549 0
-141 -189 0
-141 -165 0
-117 -501 0
-117 -357 0
-117 -405 0
-117 -525 0
-117 -453 0
-117 -261 0
-117 -549 0
-117 -189 0
-117 -165 0
-501 -357 0
-501 -405 0
-501 -525 0
-501 -453 0
-501 -261 0
-501 -549 0
-501 -189 0
-501 -165 0
-357 -405 0
-357 -525 0
-357 -453 0
-357 -261 0
-357 -549 0
-357 -189 0
-357 -165 0
-405 -525 0
-405 -453 0
-405 -261 0
-405 -549 0
-405 -189 0
-405 -165 0
-525 -453 0
-525 -261 0
-525 -549 0
-525 -189 0
-525 -165 0
-453 -261 0
-453 -549 0
-453 -189 0
-453 -165 0
-261 -549 0
-261 -189 0
-261 -165 0
-549 -189 0
-549 -165 0
-189 -165 0
26 2 194 362 74 559 290 218 314 458 50 266 410 122 98 482 338 386 506 434 242 530 170 146 0
-26 -2 0
-26 -194 0
-26 -362 0
-26 -74 0
-26 -559 0
-26 -290 0
-26 -218 0
-26 -314 0
-26 -458 0
-26 -50 0
-26 -266 0
-26 -410 0
-26 -122 0
-26 -98 0
-26 -482 0
-26 -338 0
-26 -386 0
-26 -506 0
-26 -434 0
-26 -242 0
-26 -530 0
-26 -170 0
-26 -146 0
-2 -194 0
-2 -362 0
-2 -74 0
-2 -559 0
-2 -290 0
-2 -218 0
-2 -314 0
-2 -458 0
-2 -50 0
-2 -266 0
-2 -410 0
-2 -122 0
-2 -98 0
-2 -482 0
-2 -338 0
-2 -386 0
-2 -506 0
-2 -434 0
-2 -242 0
-2 -530 0
-2 -170 0
-2 -146 0
-194 -362 0
-194 -74 0
-194 -559 0
-194 -290 0
-194 -218 0
-194 -314 0
-194 -458 0
-194 -50 0
-194 -266 0
-194 -410 0
-194 -122 0
-194 -98 0
-194 -482 0
-194 -338 0
-194 -386 0
-194 -506 0
-194 -434 0
-194 -242 0
-194 -530 0
-194 -170 0
-194 -146 0
-362 -74 0
-362 -559 0
-362 -290 0
-362 -218 0
-362 -314 0
-362 -458 0
-362 -50 0
-362 -266 0
-362 -410 0
-362 -122 0
-362 -98 0
-362 -482 0
-362 -338 0
-362 -386 0
-362 -506 0
-362 -434 0
-362 -242 0
-362 -530 0
-362 -170 0
-362 -146 0
-74 -559 0
-74 -290 0
-74 -218 0
-74 -314 0
-74 -458 0
-74 -50 0
-74 -266 0
-74 -410 0
-74 -122 0
-74 -98 0
-74 -482 0
-74 -338 0
-74 -386 0
-74 -506 0
-74 -434 0
-74 -242 0
-74 -530 0
-74 -170 0
-74 -146 0
-559 -290 0
-559 -218 0
-559 -314 0
-559 -458 0
-559 -50 0
-559 -266 0
-559 -410 0
-559 -122 0
-559 -98 0
-559 -482 0
-559 -338 0
-559 -386 0
-559 -506 0
-559 -434 0
-559 -242 0
-559 -530 0
-559 -170 0
-559 -146 0
-290 -218 0
-290 -314 0
-290 -458 0
-290 -50 0
-290 -266 0
-290 -410 0
-290 -122 0
-290 -98 0
-290 -482 0
-290 -338 0
-290 -386 0
-290 -506 0
-290 -434 0
-290 -242 0
-290 -530 0
-290 -170 0
-290 -146 0
-218 -314 0
-218 -458 0
-218 -50 0
-218 -266 0
-218 -410 0
-218 -122 0
-218 -98 0
-218 -482 0
-218 -338 0
-218 -386 0
-218 -506 0
-218 -434 0
-218 -242 0
-218 -530 0
-218 -170 0
-218 -146 0
-314 -458 0
-314 -50 0
-314 -266 0
-314 -410 0
-314 -122 0
-314 -98 0
-314 -482 0
-314 -338 0
-314 -386 0
-314 -506 0
-314 -434 0
-314 -242 0
-314 -530 0
-314 -170 0
-314 -146 0
-458 -50 0
-458 -266 0
-458 -410 0
-458 -122 0
-458 -98 0
-458 -482 0
-458 -338 0
-458 -386 0
-458 -506 0
-458 -434 0
-458 -242 0
-458 -530 0
-458 -170 0
-458 -146 0
-50 -266 0
-50 -410 0
-50 -122 0
-50 -98 0
-50 -482 0
-50 -338 0
-50 -386 0
-50 -506 0
-50 -434 0
-50 -242 0
-50 -530 0
-50 -170 0
-50 -146 0
-266 -410 0
-266 -122 0
-266 -98 0
-266 -482 0
-266 -338 0
-266 -386 0
-266 -506 0
-266 -434 0
-266 -242 0
-266 -530 0
-266 -170 0
-266 -146 0
-410 -122 0
-410 -98 0
-410 -482 0
-410 -338 0
-410 -386 0
-410 -506 0
-410 -434 0
-410 -242 0
-410 -530 0
-410 -170 0
-410 -146 0
-122 -98 0
-122 -482 0
-122 -338 0
-122 -386 0
-122 -506 0
-122 -434 0
-122 -242 0
-122 -530 0
-122 -170 0
-122 -146 0
-98 -482 0
-98 -338 0
-98 -386 0
-98 -506 0
-98 -434 0
-98 -242 0
-98 -530 0
-98 -170 0
-98 -146 0
-482 -338 0
-482 -386 0
-482 -506 0
-482 -434 0
-482 -242 0
-482 -530 0
-482 -170 0
-482 -146 0
-338 -386 0
-338 -506 0
-338 -434 0
-338 -242 0
-338 -530 0
-338 -170 0
-338 -146 0
-386 -506 0
-386 -434 0
-386 -242 0
-386 -530 0
-386 -170 0
-386 -146 0
-506 -434 0
-506 -242 0
-506 -530 0
-506 -170 0
-506 -146 0
-434 -242 0
-434 -530 0
-434 -170 0
-434 -146 0
-242 -530 0
-242 -170 0
-242 -146 0
-530 -170 0
-530 -146 0
-170 -146 0
30 6 198 366 78 560 294 222 318 462 54 270 414 126 102 486 342 390 510 438 246 534 174 150 0
-30 -6 0
-30 -198 0
-30 -366 0
-30 -78 0
-30 -560 0
-30 -294 0
-30 -222 0
-30 -318 0
-30 -462 0
-30 -54 0
-30 -270 0
-30 -414 0
-30 -126 0
-30 -102 0
-30 -486 0
-30 -342 0
-30 -390 0
-30 -510 0
-30 -438 0
-30 -246 0
-30 -534 0
-30 -174 0
-30 -150 0
-6 -198 0
-6 -366 0
-6 -78 0
-6 -560 0
-6 -294 0
-6 -222 0
-6 -318 0
-6 -462 0
-6 -54 0
-6 -270 0
-6 -414 0
-6 -126 0
-6 -102 0
-6 -486 0
-6 -342 0
-6 -390 0
-6 -510 0
-6 -438 0
-6 -246 0
-6 -534 0
-6 -174 0
-6 -150 0
-198 -366 0
-198 -78 0
-198 -560 0
-198 -294 0
-198 -222 0
-198 -318 0
-198 -462 0
-198 -54 0
-198 -270 0
-198 -414 0
-198 -126 0
-198 -102 0
-198 -486 0
-198 -342 0
-198 -390 0
-198 -510 0
-198 -438 0
-198 -246 0
-198 -534 0
-198 -174 0
-198 -150 0
-366 -78 0
-366 -560 0
-366 -294 0
-366 -222 0
-366 -318 0
-366 -462 0
-366 -54 0
-366 -270 0
-366 -414 0
-366 -126 0
-366 -102 0
-366 -486 0
-366 -342 0
-366 -390 0
-366 -510 0
-366 -438 0
-366 -246 0
-366 -534 0
-366 -174 0
-366 -150 0
-78 -560 0
-78 -294 0
-78 -222 0
-78 -318 0
-78 -462 0
-78 -54 0
-78 -270 0
-78 -414 0
-78 -126 0
-78 -102 0
-78 -486 0
-78 -342 0
-78 -390 0
-78 -510 0
-78 -438 0
-78 -246 0
-78 -534 0
-78 -174 0
-78 -150 0
-560 -294 0
-560 -222 0
-560 -318 0
-560 -462 0
-560 -54 0
-560 -270 0
-560 -414 0
-560 -126 0
-560 -102 0
-560 -486 0
-560 -342 0
-560 -390 0
-560 -510 0
-560 -438 0
-560 -246 0
-560 -534 0
-560 -174 0
-560 -150 0
-294 -222 0
-294 -318 0
-294 -462 0
-294 -54 0
-294 -270 0
-294 -414 0
-294 -126 0
-294 -102 0
-294 -486 0
-294 -342 0
-294 -390 0
-294 -510 0
-294 -438 0
-294 -246 0
-294 -534 0
-294 -174 0
-294 -150 0
-222 -318 0
-222 -462 0
-222 -54 0
-222 -270 0
-222 -414 0
-222 -126 0
-222 -102 0
-222 -486 0
-222 -342 0
-222 -390 0
-222 -510 0
-222 -438 0
-222 -246 0
-222 -534 0
-222 -174 0
-222 -150 0
-318 -462 0
-318 -54 0
-318 -270 0
-318 -414 0
-318 -126 0
-318 -102 0
-318 -486 0
-318 -342 0
-318 -390 0
-318 -510 0
-318 -438 0
-318 -246 0
-318 -534 0
-318 -174 0
-318 -150 0
-462 -54 0
-462 -270 0
-462 -414 0
-462 -126 0
-462 -102 0
-462 -486 0
-462 -342 0
-462 -390 0
-462 -510 0
-462 -438 0
-462 -246 0
-462 -534 0
-462 -174 0
-462 -150 0
-54 -270 0
-54 -414 0
-54 -126 0
-54 -102 0
-54 -486 0
-54 -342 0
-54 -390 0
-54 -510 0
-54 -438 0
-54 -246 0
-54 -534 0
-54 -174 0
-54 -150 0
-270 -414 0
-270 -126 0
-270 -102 0
-270 -486 0
-270 -342 0
-270 -390 0
-270 -510 0
-270 -438 0
-270 -246 0
-270 -534 0
-270 -174 0
-270 -150 0
-414 -126 0
-414 -102 0
-414 -486 0
-414 -342 0
-414 -390 0
-414 -510 0
-414 -438 0
-414 -246 0
-414 -534 0
-414 -174 0
-414 -150 0
-126 -102 0
-126 -486 0
-126 -342 0
-126 -390 0
-126 -510 0
-126 -438 0
-126 -246 0
-126 -534 0
-126 -174 0
-126 -150 0
-102 -486 0
-102 -342 0
-102 -390 0
-102 -510 0
-102 -438 0
-102 -246 0
-102 -534 0
-102 -174 0
-102 -150 0
-486 -342 0
-486 -390 0
-486 -510 0
-486 -438 0
-486 -246 0
-486 -534 0
-486 -174 0
-486 -150 0
-342 -390 0
-342 -510 0
-342 -438 0
-342 -246 0
-342 -534 0
-342 -174 0
-342 -150 0
-390 -510 0
-390 -438 0
-390 -246 0
-390 -534 0
-390 -174 0
-390 -150 0
-510 -438 0
-510 -246 0
-510 -534 0
-510 -174 0
-510 -150 0
-438 -246 0
-438 -534 0
-438 -174 0
-438 -150 0
-246 -534 0
-246 -174 0
-246 -150 0
-534 -174 0
-534 -150 0
-174 -150 0
34 10 202 370 82 561 298 226 322 466 58 274 418 130 106 490 346 394 514 442 250 538 178 154 0
-34 -10 0
-34 -202 0
-34 -370 0
-34 -82 0
-34 -561 0
-34 -298 0
-34 -226 0
-34 -322 0
-34 -466 0
-34 -58 0
-34 -274 0
-34 -418 0
-34 -130 0
-34 -106 0
-34 -490 0
-34 -346 0
-34 -394 0
-34 -514 0
-34 -442 0
-34 -250 0
-34 -538 0
-34 -178 0
-34 -154 0
-10 -202 0
-10 -370 0
-10 -82 0
-10 -561 0
-10 -298 0
-10 -226 0
-10 -322 0
-10 -466 0
-10 -58 0
-10 -274 0
-10 -418 0
-10 -130 0
-10 -106 0
-10 -490 0
-10 -346 0
-10 -394 0
-10 -514 0
-10 -442 0
-10 -250 0
-10 -538 0
-10 -178 0
-10 -154 0
-202 -370 0
-202 -82 0
-202 -561 0
-202 -298 0
-202 -226 0
-202 -322 0
-202 -466 0
-202 -58 0
-202 -274 0
-202 -418 0
-202 -130 0
-202 -106 0
-202 -490 0
-202 -346 0
-202 -394 0
-202 -514 0
-202 -442 0
-202 -250 0
-202 -538 0
-202 -178 0
-202 -154 0
-370 -82 0
-370 -561 0
-370 -298 0
-370 -226 0
-370 -322 0
-370 -466 0
-370 -58 0
-370 -274 0
-370 -418 0
-370 -130 0
-370 -106 0
-370 -490 0
-370 -346 0
-370 -394 0
-370 -514 0
-370 -442 0
-370 -250 0
-370 -538 0
-370 -178 0
-370 -154 0
-82 -561 0
-82 -298 0
-82 -226 0
-82 -322 0
-82 -466 0
-82 -58 0
-82 -274 0
-82 -418 0
-82 -130 0
-82 -106 0
-82 -490 0
-82 -346 0
-82 -394 0
-82 -514 0
-82 -442 0
-82 -250 0
-82 -538 0
-82 -178 0
-82 -154 0
-561 -298 0
-561 -226 0
-561 -322 0
-561 -466 0
-561 -58 0
-561 -274 0
-561 -418 0
-561 -130 0
-561 -106 0
-561 -490 0
-561 -346 0
-561 -394 0
-561 -514 0
-561 -442 0
-561 -250 0
-561 -538 0
-561 -178 0
-561 -154 0
-298 -226 0
-298 -322 0
-298 -466 0
-298 -58 0
-298 -274 0
-298 -418 0
-298 -130 0
-298 -106 0
-298 -490 0
-298 -346 0
-298 -394 0
-298 -514 0
-298 -442 0
-298 -250 0
-298 -538 0
-298 -178 0
-298 -154 0
-226 -322 0
-226 -466 0
-226 -58 0
-226 -274 0
-226 -418 0
-226 -130 0
-226 -106 0
-226 -490 0
-226 -346 0
-226 -394 0
-226 -514 0
-226 -442 0
-226 -250 0
-226 -538 0
-226 -178 0
-226 -154 0
-322 -466 0
-322 -58 0
-322 -274 0
-322 -418 0
-322 -130 0
-322 -106 0
-322 -490 0
-322 -346 0
-322 -394 0
-322 -514 0
-322 -442 0
-322 -250 0
-322 -538 0
-322 -178 0
-322 -154 0
-466 -58 0
-466 -274 0
-466 -418 0
-466 -130 0
-466 -106 0
-466 -490 0
-466 -346 0
-466 -394 0
-466 -514 0
-466 -442 0
-466 -250 0
-466 -538 0
-466 -178 0
-466 -154 0
-58 -274 0
-58 -418 0
-58 -130 0
-58 -106 0
-58 -490 0
-58 -346 0
-58 -394 0
-58 -514 0
-58 -442 0
-58 -250 0
-58 -538 0
-58 -178 0
-58 -154 0
-274 -418 0
-274 -130 0
-274 -106 0
-274 -490 0
-274 -346 0
-274 -394 0
-274 -514 0
-274 -442 0
-274 -250 0
-274 -538 0
-274 -178 0
-274 -154 0
-418 -130 0
-418 -106 0
-418 -490 0
-418 -346 0
-418 -394 0
-418 -514 0
-418 -442 0
-418 -250 0
-418 -538 0
-418 -178 0
-418 -154 0
-130 -106 0
-130 -490 0
-130 -346 0
-130 -394 0
-130 -514 0
-130 -442 0
-130 -250 0
-130 -538 0
-130 -178 0
-130 -154 0
-106 -490 0
-106 -346 0
-106 -394 0
-106 -514 0
-106 -442 0
-106 -250 0
-106 -538 0
-106 -178 0
-106 -154 0
-490 -346 0
-490 -394 0
-490 -514 0
-490 -442 0
-490 -250 0
-490 -538 0
-490 -178 0
-490 -154 0
-346 -394 0
-346 -514 0
-346 -442 0
-346 -250 0
-346 -538 0
-346 -178 0
-346 -154 0
-394 -514 0
-394 -442 0
-394 -250 0
-394 -538 0
-394 -178 0
-394 -154 0
-514 -442 0
-514 -250 0
-514 -538 0
-514 -178 0
-514 -154 0
-442 -250 0
-442 -538 0
-442 -178 0
-442 -154 0
-250 -538 0
-250 -178 0
-250 -154 0
-538 -178 0
-538 -154 0
-178 -154 0
38 14 206 374 86 562 302 230 326 470 62 278 422 134 110 494 350 398 518 446 254 542 182 158 0
-38 -14 0
-38 -206 0
-38 -374 0
-38 -86 0
-38 -562 0
-38 -302 0
-38 -230 0
-38 -326 0
-38 -470 0
-38 -62 0
-38 -278 0
-38 -422 0
-38 -134 0
-38 -110 0
-38 -494 0
-38 -350 0
-38 -398 0
-38 -518 0
-38 -446 0
-38 -254 0
-38 -542 0
-38 -182 0
-38 -158 0
-14 -206 0
-14 -374 0
-14 -86 0
-14 -562 0
-14 -302 0
-14 -230 0
-14 -326 0
-14 -470 0
-14 -62 0
-14 -278 0
-14 -422 0
-14 -134 0
-14 -110 0
-14 -494 0
-14 -350 0
-14 -398 0
-14 -518 0
-14 -446 0
-14 -254 0
-14 -542 0
-14 -182 0
-14 -158 0
-206 -374 0
-206 -86 0
-206 -562 0
-206 -302 0
-206 -230 0
-206 -326 0
-206 -470 0
-206 -62 0
-206 -278 0
-206 -422 0
-206 -134 0
-206 -110 0
-206 -494 0
-206 -350 0
-206 -398 0
-206 -518 0
-206 -446 0
-206 -254 0
-206 -542 0
-206 -182 0
-206 -158 0
-374 -86 0
-374 -562 0
-374 -302 0
-374 -230 0
-374 -326 0
-374 -470 0
-374 -62 0
-374 -278 0
-374 -422 0
-374 -134 0
-374 -110 0
-374 -494 0
-374 -350 0
-374 -398 0
-374 -518 0
-374 -446 0
-374 -254 0
-374 -542 0
-374 -182 0
-374 -158 0
-86 -562 0
-86 -302 0
-86 -230 0
-86 -326 0
-86 -470 0
-86 -62 0
-86 -278 0
-86 -422 0
-86 -134 0
-86 -110 0
-86 -494 0
-86 -350 0
-86 -398 0
-86 -518 0
-86 -446 0
-86 -254 0
-86 -542 0
-86 -182 0
-86 -158 0
-562 -302 0
-562 -230 0
-562 -326 0
-562 -470 0
-562 -62 0
-562 -278 0
-562 -422 0
-562 -134 0
-562 -110 0
-562 -494 0
-562 -350 0
-562 -398 0
-562 -518 0
-562 -446 0
-562 -254 0
-562 -542 0
-562 -182 0
-562 -158 0
-302 -230 0
-302 -326 0
-302 -470 0
-302 -62 0
-302 -278 0
-302 -422 0
-302 -134 0
-302 -110 0
-302 -494 0
-302 -350 0
-302 -398 0
-302 -518 0
-302 -446 0
-302 -254 0
-302 -542 0
-302 -182 0
-302 -158 0
-230 -326 0
-230 -470 0
-230 -62 0
-230 -278 0
-230 -422 0
-230 -134 0
-230 -110 0
-230 -494 0
-230 -350 0
-230 -398 0
-230 -518 0
-230 -446 0
-230 -254 0
-230 -542 0
-230 -182 0
-230 -158 0
-326 -470 0
-326 -62 0
-326 -278 0
-326 -422 0
-326 -134 0
-326 -110 0
-326 -494 0
-326 -350 0
-326 -398 0
-326 -518 0
-326 -446 0
-326 -254 0
-326 -542 0
-326 -182 0
-326 -158 0
-470 -62 0
-470 -278 0
-470 -422 0
-470 -134 0
-470 -110 0
-470 -494 0
-470 -350 0
-470 -398 0
-470 -518 0
-470 -446 0
-470 -254 0
-470 -542 0
-470 -182 0
-470 -158 0
-62 -278 0
-62 -422 0
-62 -134 0
-62 -110 0
-62 -494 0
-62 -350 0
-62 -398 0
-62 -518 0
-62 -446 0
-62 -254 0
-62 -542 0
-62 -182 0
-62 -158 0
-278 -422 0
-278 -134 0
-278 -110 0
-278 -494 0
-278 -350 0
-278 -398 0
-278 -518 0
-278 -446 0
-278 -254 0
-278 -542 0
-278 -182 0
-278 -158 0
-422 -134 0
-422 -110 0
-422 -494 0
-422 -350 0
-422 -398 0
-422 -518 0
-422 -446 0
-422 -254 0
-422 -542 0
-422 -182 0
-422 -158 0
-134 -110 0
-134 -494 0
-134 -350 0
-134 -398 0
-134 -518 0
-134 -446 0
-134 -254 0
-134 -542 0
-134 -182 0
-134 -158 0
-110 -494 0
-110 -350 0
-110 -398 0
-110 -518 0
-110 -446 0
-110 -254 0
-110 -542 0
-110 -182 0
-110 -158 0
-494 -350 0
-494 -398 0
-494 -518 0
-494 -446 0
-494 -254 0
-494 -542 0
-494 -182 0
-494 -158 0
-350 -398 0
-350 -518 0
-350 -446 0
-350 -254 0
-350 -542 0
-350 -182 0
-350 -158 0
-398 -518 0
-398 -446 0
-398 -254 0
-398 -542 0
-398 -182 0
-398 -158 0
-518 -446 0
-518 -254 0
-518 -542 0
-518 -182 0
-518 -158 0
-446 -254 0
-446 -542 0
-446 -182 0
-446 -158 0
-254 -542 0
-254 -182 0
-254 -158 0
-542 -182 0
-542 -158 0
-182 -158 0
42 18 210 378 90 563 306 234 330 474 66 282 426 138 114 498 354 402 522 450 258 546 186 162 0
-42 -18 0
-42 -210 0
-42 -378 0
-42 -90 0
-42 -563 0
-42 -306 0
-42 -234 0
-42 -330 0
-42 -474 0
-42 -66 0
-42 -282 0
-42 -426 0
-42 -138 0
-42 -114 0
-42 -498 0
-42 -354 0
-42 -402 0
-42 -522 0
-42 -450 0
-42 -258 0
-42 -546 0
-42 -186 0
-42 -162 0
-18 -210 0
-18 -378 0
-18 -90 0
-18 -563 0
-18 -306 0
-18 -234 0
-18 -330 0
-18 -474 0
-18 -66 0
-18 -282 0
-18 -426 0
-18 -138 0
-18 -114 0
-18 -498 0
-18 -354 0
-18 -402 0
-18 -522 0
-18 -450 0
-18 -258 0
-18 -546 0
-18 -186 0
-18 -162 0
-210 -378 0
-210 -90 0
-210 -563 0
-210 -306 0
-210 -234 0
-210 -330 0
-210 -474 0
-210 -66 0
-210 -282 0
-210 -426 0
-210 -138 0
-210 -114 0
-210 -498 0
-210 -354 0
-210 -402 0
-210 -522 0
-210 -450 0
-210 -258 0
-210 -546 0
-210 -186 0
-210 -162 0
-378 -90 0
-378 -563 0
-378 -306 0
-378 -234 0
-378 -330 0
-378 -474 0
-378 -66 0
-378 -282 0
-378 -426 0
-378 -138 0
-378 -114 0
-378 -498 0
-378 -354 0
-378 -402 0
-378 -522 0
-378 -450 0
-378 -258 0
-378 -546 0
-378 -186 0
-378 -162 0
-90 -563 0
-90 -306 0
-90 -234 0
-90 -330 0
-90 -474 0
-90 -66 0
-90 -282 0
-90 -426 0
-90 -138 0
-90 -114 0
-90 -498 0
-90 -354 0
-90 -402 0
-90 -522 0
-90 -450 0
-90 -258 0
-90 -546 0
-90 -186 0
-90 -162 0
-563 -306 0
-563 -234 0
-563 -330 0
-563 -474 0
-563 -66 0
-563 -282 0
-563 -426 0
-563 -138 0
-563 -114 0
-563 -498 0
-563 -354 0
-563 -402 0
-563 -522 0
-563 -450 0
-563 -258 0
-563 -546 0
-563 -186 0
-563 -162 0
-306 -234 0
-306 -330 0
-306 -474 0
-306 -66 0
-306 -282 0
-306 -426 0
-306 -138 0
-306 -114 0
-306 -498 0
-306 -354 0
-306 -402 0
-306 -522 0
-306 -450 0
-306 -258 0
-306 -546 0
-306 -186 0
-306 -162 0
-234 -330 0
-234 -474 0
-234 -66 0
-234 -282 0
-234 -426 0
-234 -138 0
-234 -114 0
-234 -498 0
-234 -354 0
-234 -402 0
-234 -522 0
-234 -450 0
-234 -258 0
-234 -546 0
-234 -186 0
-234 -162 0
-330 -474 0
-330 -66 0
-330 -282 0
-330 -426 0
-330 -138 0
-330 -114 0
-330 -498 0
-330 -354 0
-330 -402 0
-330 -522 0
-330 -450 0
-330 -258 0
-330 -546 0
-330 -186 0
-330 -162 0
-474 -66 0
-474 -282 0
-474 -426 0
-474 -138 0
-474 -114 0
-474 -498 0
-474 -354 0
-474 -402 0
-474 -522 0
-474 -450 0
-474 -258 0
-474 -546 0
-474 -186 0
-474 -162 0
-66 -282 0
-66 -426 0
-66 -138 0
-66 -114 0
-66 -498 0
-66 -354 0
-66 -402 0
-66 -522 0
-66 -450 0
-66 -258 0
-66 -546 0
-66 -186 0
-66 -162 0
-282 -426 0
-282 -138 0
-282 -114 0
-282 -498 0
-282 -354 0
-282 -402 0
-282 -522 0
-282 -450 0
-282 -258 0
-282 -546 0
-282 -186 0
-282 -162 0
-426 -138 0
-426 -114 0
-426 -498 0
-426 -354 0
-426 -402 0
-426 -522 0
-426 -450 0
-426 -258 0
-426 -546 0
-426 -186 0
-426 -162 0
-138 -114 0
-138 -498 0
-138 -354 0
-138 -402 0
-138 -522 0
-138 -450 0
-138 -258 0
-138 -546 0
-138 -186 0
-138 -162 0
-114 -498 0
-114 -354 0
-114 -402 0
-114 -522 0
-114 -450 0
-114 -258 0
-114 -546 0
-114 -186 0
-114 -162 0
-498 -354 0
-498 -402 0
-498 -522 0
-498 -450 0
-498 -258 0
-498 -546 0
-498 -186 0
-498 -162 0
-354 -402 0
-354 -522 0
-354 -450 0
-354 -258 0
-354 -546 0
-354 -186 0
-354 -162 0
-402 -522 0
-402 -450 0
-402 -258 0
-402 -546 0
-402 -186 0
-402 -162 0
-522 -450 0
-522 -258 0
-522 -546 0
-522 -186 0
-522 -162 0
-450 -258 0
-450 -546 0
-450 -186 0
-450 -162 0
-258 -546 0
-258 -186 0
-258 -162 0
-546 -186 0
-546 -162 0
-186 -162 0
46 22 214 382 94 564 310 238 334 478 70 286 430 142 118 502 358 406 526 454 262 550 190 166 0
-46 -22 0
-46 -214 0
-46 -382 0
-46 -94 0
-46 -564 0
-46 -310 0
-46 -238 0
-46 -334 0
-46 -478 0
-46 -70 0
-46 -286 0
-46 -430 0
-46 -142 0
-46 -118 0
-46 -502 0
-46 -358 0
-46 -406 0
-46 -526 0
-46 -454 0
-46 -262 0
-46 -550 0
-46 -190 0
-46 -166 0
-22 -214 0
-22 -382 0
-22 -94 0
-22 -564 0
-22 -310 0
-22 -238 0
-22 -334 0
-22 -478 0
-22 -70 0
-22 -286 0
-22 -430 0
-22 -142 0
-22 -118 0
-22 -502 0
-22 -358 0
-22 -406 0
-22 -526 0
-22 -454 0
-22 -262 0
-22 -550 0
-22 -190 0
-22 -166 0
-214 -382 0
-214 -94 0
-214 -564 0
-214 -310 0
-214 -238 0
-214 -334 0
-214 -478 0
-214 -70 0
-214 -286 0
-214 -430 0
-214 -142 0
-214 -118 0
-214 -502 0
-214 -358 0
-214 -406 0
-214 -526 0
-214 -454 0
-214 -262 0
-214 -550 0
-214 -190 0
-214 -166 0
-382 -94 0
-382 -564 0
-382 -310 0
-382 -238 0
-382 -334 0
-382 -478 0
-382 -70 0
-382 -286 0
-382 -430 0
-382 -142 0
-382 -118 0
-382 -502 0
-382 -358 0
-382 -406 0
-382 -526 0
-382 -454 0
-382 -262 0
-382 -550 0
-382 -190 0
-382 -166 0
-94 -564 0
-94 -310 0
-94 -238 0
-94 -334 0
-94 -478 0
-94 -70 0
-94 -286 0
-94 -430 0
-94 -142 0
-94 -118 0
-94 -502 0
-94 -358 0
-94 -406 0
-94 -526 0
-94 -454 0
-94 -262 0
-94 -550 0
-94 -190 0
-94 -166 0
-564 -310 0
-564 -238 0
-564 -334 0
-564 -478 0
-564 -70 0
-564 -286 0
-564 -430 0
-564 -142 0
-564 -118 0
-564 -502 0
-564 -358 0
-564 -406 0
-564 -526 0
-564 -454 0
-564 -262 0
-564 -550 0
-564 -190 0
-564 -166 0
-310 -238 0
-310 -334 0
-310 -478 0
-310 -70 0
-310 -286 0
-310 -430 0
-310 -142 0
-310 -118 0
-310 -502 0
-310 -358 0
-310 -406 0
-310 -526 0
-310 -454 0
-310 -262 0
-310 -550 0
-310 -190 0
-310 -166 0
-238 -334 0
-238 -478 0
-238 -70 0
-238 -286 0
-238 -430 0
-238 -142 0
-238 -118 0
-238 -502 0
-238 -358 0
-238 -406 0
-238 -526 0
-238 -454 0
-238 -262 0
-238 -550 0
-238 -190 0
-238 -166 0
-334 -478 0
-334 -70 0
-334 -286 0
-334 -430 0
-334 -142 0
-334 -118 0
-334 -502 0
-334 -358 0
-334 -406 0
-334 -526 0
-334 -454 0
-334 -262 0
-334 -550 0
-334 -190 0
-334 -166 0
-478 -70 0
-478 -286 0
-478 -430 0
-478 -142 0
-478 -118 0
-478 -502 0
-478 -358 0
-478 -406 0
-478 -526 0
-478 -454 0
-478 -262 0
-478 -550 0
-478 -190 0
-478 -166 0
-70 -286 0
-70 -430 0
-70 -142 0
-70 -118 0
-70 -502 0
-70 -358 0
-70 -406 0
-70 -526 0
-70 -454 0
-70 -262 0
-70 -550 0
-70 -190 0
-70 -166 0
-286 -430 0
-286 -142 0
-286 -118 0
-286 -502 0
-286 -358 0
-286 -406 0
-286 -526 0
-286 -454 0
-286 -262 0
-286 -550 0
-286 -190 0
-286 -166 0
-430 -142 0
-430 -118 0
-430 -502 0
-430 -358 0
-430 -406 0
-430 -526 0
-430 -454 0
-430 -262 0
-430 -550 0
-430 -190 0
-430 -166 0
-142 -118 0
-142 -502 0
-142 -358 0
-142 -406 0
-142 -526 0
-142 -454 0
-142 -262 0
-142 -550 0
-142 -190 0
-142 -166 0
-118 -502 0
-118 -358 0
-118 -406 0
-118 -526 0
-118 -454 0
-118 -262 0
-118 -550 0
-118 -190 0
-118 -166 0
-502 -358 0
-502 -406 0
-502 -526 0
-502 -454 0
-502 -262 0
-502 -550 0
-502 -190 0
-502 -166 0
-358 -406 0
-358 -526 0
-358 -454 0
-358 -262 0
-358 -550 0
-358 -190 0
-358 -166 0
-406 -526 0
-406 -454 0
-406 -262 0
-406 -550 0
-406 -190 0
-406 -166 0
-526 -454 0
-526 -262 0
-526 -550 0
-526 -190 0
-526 -166 0
-454 -262 0
-454 -550 0
-454 -190 0
-454 -166 0
-262 -550 0
-262 -190 0
-262 -166 0
-550 -190 0
-550 -166 0
-190 -166 0
27 3 195 363 75 565 291 219 315 459 51 267 411 123 99 483 339 387 507 435 243 531 171 147 0
-27 -3 0
-27 -195 0
-27 -363 0
-27 -75 0
-27 -565 0
-27 -291 0
-27 -219 0
-27 -315 0
-27 -459 0
-27 -51 0
-27 -267 0
-27 -411 0
-27 -123 0
-27 -99 0
-27 -483 0
-27 -339 0
-27 -387 0
-27 -507 0
-27 -435 0
-27 -243 0
-27 -531 0
-27 -171 0
-27 -147 0
-3 -195 0
-3 -363 0
-3 -75 0
-3 -565 0
-3 -291 0
-3 -219 0
-3 -315 0
-3 -459 0
-3 -51 0
-3 -267 0
-3 -411 0
-3 -123 0
-3 -99 0
-3 -483 0
-3 -339 0
-3 -387 0
-3 -507 0
-3 -435 0
-3 -243 0
-3 -531 0
-3 -171 0
-3 -147 0
-195 -363 0
-195 -75 0
-195 -565 0
-195 -291 0
-195 -219 0
-195 -315 0
-195 -459 0
-195 -51 0
-195 -267 0
-195 -411 0
-195 -123 0
-195 -99 0
-195 -483 0
-195 -339 0
-195 -387 0
-195 -507 0
-195 -435 0
-195 -243 0
-195 -531 0
-195 -171 0
-195 -147 0
-363 -75 0
-363 -565 0
-363 -291 0
-363 -219 0
-363 -315 0
-363 -459 0
-363 -51 0
-363 -267 0
-363 -411 0
-363 -123 0
-363 -99 0
-363 -483 0
-363 -339 0
-363 -387 0
-363 -507 0
-363 -435 0
-363 -243 0
-363 -531 0
-363 -171 0
-363 -147 0
-75 -565 0
-75 -291 0
-75 -219 0
-75 -315 0
-75 -459 0
-75 -51 0
-75 -267 0
-75 -411 0
-75 -123 0
-75 -99 0
-75 -483 0
-75 -339 0
-75 -387 0
-75 -507 0
-75 -435 0
-75 -243 0
-75 -531 0
-75 -171 0
-75 -147 0
-565 -291 0
-565 -219 0
-565 -315 0
-565 -459 0
-565 -51 0
-565 -267 0
-565 -411 0
-565 -123 0
-565 -99 0
-565 -483 0
-565 -339 0
-565 -387 0
-565 -507 0
-565 -435 0
-565 -243 0
-565 -531 0
-565 -171 0
-565 -147 0
-291 -219 0
-291 -315 0
-291 -459 0
-291 -51 0
-291 -267 0
-291 -411 0
-291 -123 0
-291 -99 0
-291 -483 0
-291 -339 0
-291 -387 0
-291 -507 0
-291 -435 0
-291 -243 0
-291 -531 0
-291 -171 0
-291 -147 0
-219 -315 0
-219 -459 0
-219 -51 0
-219 -267 0
-219 -411 0
-219 -123 0
-219 -99 0
-219 -483 0
-219 -339 0
-219 -387 0
-219 -507 0
-219 -435 0
-219 -243 0
-219 -531 0
-219 -171 0
-219 -147 0
-315 -459 0
-315 -51 0
-315 -267 0
-315 -411 0
-315 -123 0
-315 -99 0
-315 -483 0
-315 -339 0
-315 -387 0
-315 -507 0
-315 -435 0
-315 -243 0
-315 -531 0
-315 -171 0
-315 -147 0
-459 -51 0
-459 -267 0
-459 -411 0
-459 -123 0
-459 -99 0
-459 -483 0
-459 -339 0
-459 -387 0
-459 -507 0
-459 -435 0
-459 -243 0
-459 -531 0
-459 -171 0
-459 -147 0
-51 -267 0
-51 -411 0
-51 -123 0
-51 -99 0
-51 -483 0
-51 -339 0
-51 -387 0
-51 -507 0
-51 -435 0
-51 -243 0
-51 -531 0
-51 -171 0
-51 -147 0
-267 -411 0
-267 -123 0
-267 -99 0
-267 -483 0
-267 -339 0
-267 -387 0
-267 -507 0
-267 -435 0
-267 -243 0
-267 -531 0
-267 -171 0
-267 -147 0
-411 -123 0
-411 -99 0
-411 -483 0
-411 -339 0
-411 -387 0
-411 -507 0
-411 -435 0
-411 -243 0
-411 -531 0
-411 -171 0
-411 -147 0
-123 -99 0
-123 -483 0
-123 -339 0
-123 -387 0
-123 -507 0
-123 -435 0
-123 -243 0
-123 -531 0
-123 -171 0
-123 -147 0
-99 -483 0
-99 -339 0
-99 -387 0
-99 -507 0
-99 -435 0
-99 -243 0
-99 -531 0
-99 -171 0
-99 -147 0
-483 -339 0
-483 -387 0
-483 -507 0
-483 -435 0
-483 -243 0
-483 -531 0
-483 -171 0
-483 -147 0
-339 -387 0
-339 -507 0
-339 -435 0
-339 -243 0
-339 -531 0
-339 -171 0
-339 -147 0
-387 -507 0
-387 -435 0
-387 -243 0
-387 -531 0
-387 -171 0
-387 -147 0
-507 -435 0
-507 -243 0
-507 -531 0
-507 -171 0
-507 -147 0
-435 -243 0
-435 -531 0
-435 -171 0
-435 -147 0
-243 -531 0
-243 -171 0
-243 -147 0
-531 -171 0
-531 -147 0
-171 -147 0
31 7 199 367 79 566 295 223 319 463 55 271 415 127 103 487 343 391 511 439 247 535 175 151 0
-31 -7 0
-31 -199 0
-31 -367 0
-31 -79 0
-31 -566 0
-31 -295 0
-31 -223 0
-31 -319 0
-31 -463 0
-31 -55 0
-31 -271 0
-31 -415 0
-31 -127 0
-31 -103 0
-31 -487 0
-31 -343 0
-31 -391 0
-31 -511 0
-31 -439 0
-31 -247 0
-31 -535 0
-31 -175 0
-31 -151 0
-7 -199 0
-7 -367 0
-7 -79 0
-7 -566 0
-7 -295 0
-7 -223 0
-7 -319 0
-7 -463 0
-7 -55 0
-7 -271 0
-7 -415 0
-7 -127 0
-7 -103 0
-7 -487 0
-7 -343 0
-7 -391 0
-7 -511 0
-7 -439 0
-7 -247 0
-7 -535 0
-7 -175 0
-7 -151 0
-199 -367 0
-199 -79 0
-199 -566 0
-199 -295 0
-199 -223 0
-199 -319 0
-199 -463 0
-199 -55 0
-199 -271 0
-199 -415 0
-199 -127 0
-199 -103 0
-199 -487 0
-199 -343 0
-199 -391 0
-199 -511 0
-199 -439 0
-199 -247 0
-199 -535 0
-199 -175 0
-199 -151 0
-367 -79 0
-367 -566 0
-367 -295 0
-367 -223 0
-367 -319 0
-367 -463 0
-367 -55 0
-367 -271 0
-367 -415 0
-367 -127 0
-367 -103 0
-367 -487 0
-367 -343 0
-367 -391 0
-367 -511 0
-367 -439 0
-367 -247 0
-367 -535 0
-367 -175 0
-367 -151 0
-79 -566 0
-79 -295 0
-79 -223 0
-79 -319 0
-79 -463 0
-79 -55 0
-79 -271 0
-79 -415 0
-79 -127 0
-79 -103 0
-79 -487 0
-79 -343 0
-79 -391 0
-79 -511 0
-79 -439 0
-79 -247 0
-79 -535 0
-79 -175 0
-79 -151 0
-566 -295 0
-566 -223 0
-566 -319 0
-566 -463 0
-566 -55 0
-566 -271 0
-566 -415 0
-566 -127 0
-566 -103 0
-566 -487 0
-566 -343 0
-566 -391 0
-566 -511 0
-566 -439 0
-566 -247 0
-566 -535 0
-566 -175 0
-566 -151 0
-295 -223 0
-295 -319 0
-295 -463 0
-295 -55 0
-295 -271 0
-295 -415 0
-295 -127 0
-295 -103 0
-295 -487 0
-295 -343 0
-295 -391 0
-295 -511 0
-295 -439 0
-295 -247 0
-295 -535 0
-295 -175 0
-295 -151 0
-223 -319 0
-223 -463 0
-223 -55 0
-223 -271 0
-223 -415 0
-223 -127 0
-223 -103 0
-223 -487 0
-223 -343 0
-223 -391 0
-223 -511 0
-223 -439 0
-223 -247 0
-223 -535 0
-223 -175 0
-223 -151 0
-319 -463 0
-319 -55 0
-319 -271 0
-319 -415 0
-319 -127 0
-319 -103 0
-319 -487 0
-319 -343 0
-319 -391 0
-319 -511 0
-319 -439 0
-319 -247 0
-319 -535 0
-319 -175 0
-319 -151 0
-463 -55 0
-463 -271 0
-463 -415 0
-463 -127 0
-463 -103 0
-463 -487 0
-463 -343 0
-463 -391 0
-463 -511 0
-463 -439 0
-463 -247 0
-463 -535 0
-463 -175 0
-463 -151 0
-55 -271 0
-55 -415 0
-55 -127 0
-55 -103 0
-55 -487 0
-55 -343 0
-55 -391 0
-55 -511 0
-55 -439 0
-55 -247 0
-55 -535 0
-55 -175 0
-55 -151 0
-271 -415 0
-271 -127 0
-271 -103 0
-271 -487 0
-271 -343 0
-271 -391 0
-271 -511 0
-271 -439 0
-271 -247 0
-271 -535 0
-271 -175 0
-271 -151 0
-415 -127 0
-415 -103 0
-415 -487 0
-415 -343 0
-415 -391 0
-415 -511 0
-415 -439 0
-415 -247 0
-415 -535 0
-415 -175 0
-415 -151 0
-127 -103 0
-127 -487 0
-127 -343 0
-127 -391 0
-127 -511 0
-127 -439 0
-127 -247 0
-127 -535 0
-127 -175 0
-127 -151 0
-103 -487 0
-103 -343 0
-103 -391 0
-103 -511 0
-103 -439 0
-103 -247 0
-103 -535 0
-103 -175 0
-103 -151 0
-487 -343 0
-487 -391 0
-487 -511 0
-487 -439 0
-487 -247 0
-487 -535 0
-487 -175 0
-487 -151 0
-343 -391 0
-343 -511 0
-343 -439 0
-343 -247 0
-343 -535 0
-343 -175 0
-343 -151 0
-391 -511 0
-391 -439 0
-391 -247 0
-391 -535 0
-391 -175 0
-391 -151 0
-511 -439 0
-511 -247 0
-511 -535 0
-511 -175 0
-511 -151 0
-439 -247 0
-439 -535 0
-439 -175 0
-439 -151 0
-247 -535 0
-247 -175 0
-247 -151 0
-535 -175 0
-535 -151 0
-175 -151 0
35 11 203 371 83 567 299 227 323 467 59 275 419 131 107 491 347 395 515 443 251 539 179 155 0
-35 -11 0
-35 -203 0
-35 -371 0
-35 -83 0
-35 -567 0
-35 -299 0
-35 -227 0
-35 -323 0
-35 -467 0
-35 -59 0
-35 -275 0
-35 -419 0
-35 -131 0
-35 -107 0
-35 -491 0
-35 -347 0
-35 -395 0
-35 -515 0
-35 -443 0
-35 -251 0
-35 -539 0
-35 -179 0
-35 -155 0
-11 -203 0
-11 -371 0
-11 -83 0
-11 -567 0
-11 -299 0
-11 -227 0
-11 -323 0
-11 -467 0
-11 -59 0
-11 -275 0
-11 -419 0
-11 -131 0
-11 -107 0
-11 -491 0
-11 -347 0
-11 -395 0
-11 -515 0
-11 -443 0
-11 -251 0
-11 -539 0
-11 -179 0
-11 -155 0
-203 -371 0
-203 -83 0
-203 -567 0
-203 -299 0
-203 -227 0
-203 -323 0
-203 -467 0
-203 -59 0
-203 -275 0
-203 -419 0
-203 -131 0
-203 -107 0
-203 -491 0
-203 -347 0
-203 -395 0
-203 -515 0
-203 -443 0
-203 -251 0
-203 -539 0
-203 -179 0
-203 -155 0
-371 -83 0
-371 -567 0
-371 -299 0
-371 -227 0
-371 -323 0
-371 -467 0
-371 -59 0
-371 -275 0
-371 -419 0
-371 -131 0
-371 -107 0
-371 -491 0
-371 -347 0
-371 -395 0
-371 -515 0
-371 -443 0
-371 -251 0
-371 -539 0
-371 -179 0
-371 -155 0
-83 -567 0
-83 -299 0
-83 -227 0
-83 -323 0
-83 -467 0
-83 -59 0
-83 -275 0
-83 -419 0
-83 -131 0
-83 -107 0
-83 -491 0
-83 -347 0
-83 -395 0
-83 -515 0
-83 -443 0
-83 -251 0
-83 -539 0
-83 -179 0
-83 -155 0
-567 -299 0
-567 -227 0
-567 -323 0
-567 -467 0
-567 -59 0
-567 -275 0
-567 -419 0
-567 -131 0
-567 -107 0
-567 -491 0
-567 -347 0
-567 -395 0
-567 -515 0
-567 -443 0
-567 -251 0
-567 -539 0
-567 -179 0
-567 -155 0
-299 -227 0
-299 -323 0
-299 -467 0
-299 -59 0
-299 -275 0
-299 -419 0
-299 -131 0
-299 -107 0
-299 -491 0
-299 -347 0
-299 -395 0
-299 -515 0
-299 -443 0
-299 -251 0
-299 -539 0
-299 -179 0
-299 -155 0
-227 -323 0
-227 -467 0
-227 -59 0
-227 -275 0
-227 -419 0
-227 -131 0
-227 -107 0
-227 -491 0
-227 -347 0
-227 -395 0
-227 -515 0
-227 -443 0
-227 -251 0
-227 -539 0
-227 -179 0
-227 -155 0
-323 -467 0
-323 -59 0
-323 -275 0
-323 -419 0
-323 -131 0
-323 -107 0
-323 -491 0
-323 -347 0
-323 -395 0
-323 -515 0
-323 -443 0
-323 -251 0
-323 -539 0
-323 -179 0
-323 -155 0
-467 -59 0
-467 -275 0
-467 -419 0
-467 -131 0
-467 -107 0
-467 -491 0
-467 -347 0
-467 -395 0
-467 -515 0
-467 -443 0
-467 -251 0
-467 -539 0
-467 -179 0
-467 -155 0
-59 -275 0
-59 -419 0
-59 -131 0
-59 -107 0
-59 -491 0
-59 -347 0
-59 -395 0
-59 -515 0
-59 -443 0
-59 -251 0
-59 -539 0
-59 -179 0
-59 -155 0
-275 -419 0
-275 -131 0
-275 -107 0
-275 -491 0
-275 -347 0
-275 -395 0
-275 -515 0
-275 -443 0
-275 -251 0
-275 -539 0
-275 -179 0
-275 -155 0
-419 -131 0
-419 -107 0
-419 -491 0
-419 -347 0
-419 -395 0
-419 -515 0
-419 -443 0
-419 -251 0
-419 -539 0
-419 -179 0
-419 -155 0
-131 -107 0
-131 -491 0
-131 -347 0
-131 -395 0
-131 -515 0
-131 -443 0
-131 -251 0
-131 -539 0
-131 -179 0
-131 -155 0
-107 -491 0
-107 -347 0
-107 -395 0
-107 -515 0
-107 -443 0
-107 -251 0
-107 -539 0
-107 -179 0
-107 -155 0
-491 -347 0
-491 -395 0
-491 -515 0
-491 -443 0
-491 -251 0
-491 -539 0
-491 -179 0
-491 -155 0
-347 -395 0
-347 -515 0
-347 -443 0
-347 -251 0
-347 -539 0
-347 -179 0
-347 -155 0
-395 -515 0
-395 -443 0
-395 -251 0
-395 -539 0
-395 -179 0
-395 -155 0
-515 -443 0
-515 -251 0
-515 -539 0
-515 -179 0
-515 -155 0
-443 -251 0
-443 -539 0
-443 -179 0
-443 -155 0
-251 -539 0
-251 -179 0
-251 -155 0
-539 -179 0
-539 -155 0
-179 -155 0
39 15 207 375 87 568 303 231 327 471 63 279 423 135 111 495 351 399 519 447 255 543 183 159 0
-39 -15 0
-39 -207 0
-39 -375 0
-39 -87 0
-39 -568 0
-39 -303 0
-39 -231 0
-39 -327 0
-39 -471 0
-39 -63 0
-39 -279 0
-39 -423 0
-39 -135 0
-39 -111 0
-39 -495 0
-39 -351 0
-39 -399 0
-39 -519 0
-39 -447 0
-39 -255 0
-39 -543 0
-39 -183 0
-39 -159 0
-15 -207 0
-15 -375 0
-15 -87 0
-15 -568 0
-15 -303 0
-15 -231 0
-15 -327 0
-15 -471 0
-15 -63 0
-15 -279 0
-15 -423 0
-15 -135 0
-15 -111 0
-15 -495 0
-15 -351 0
-15 -399 0
-15 -519 0
-15 -447 0
-15 -255 0
-15 -543 0
-15 -183 0
-15 -159 0
-207 -375 0
-207 -87 0
-207 -568 0
-207 -303 0
-207 -231 0
-207 -327 0
-207 -471 0
-207 -63 0
-207 -279 0
-207 -423 0
-207 -135 0
-207 -111 0
-207 -495 0
-207 -351 0
-207 -399 0
-207 -519 0
-207 -447 0
-207 -255 0
-207 -543 0
-207 -183 0
-207 -159 0
-375 -87 0
-375 -568 0
-375 -303 0
-375 -231 0
-375 -327 0
-375 -471 0
-375 -63 0
-375 -279 0
-375 -423 0
-375 -135 0
-375 -111 0
-375 -495 0
-375 -351 0
-375 -399 0
-375 -519 0
-375 -447 0
-375 -255 0
-375 -543 0
-375 -183 0
-375 -159 0
-87 -568 0
-87 -303 0
-87 -231 0
-87 -327 0
-87 -471 0
-87 -63 0
-87 -279 0
-87 -423 0
-87 -135 0
-87 -111 0
-87 -495 0
-87 -351 0
-87 -399 0
-87 -519 0
-87 -447 0
-87 -255 0
-87 -543 0
-87 -183 0
-87 -159 0
-568 -303 0
-568 -231 0
-568 -327 0
-568 -471 0
-568 -63 0
-568 -279 0
-568 -423 0
-568 -135 0
-568 -111 0
-568 -495 0
-568 -351 0
-568 -399 0
-568 -519 0
-568 -447 0
-568 -255 0
-568 -543 0
-568 -183 0
-568 -159 0
-303 -231 0
-303 -327 0
-303 -471 0
-303 -63 0
-303 -279 0
-303 -423 0
-303 -135 0
-303 -111 0
-303 -495 0
-303 -351 0
-303 -399 0
-303 -519 0
-303 -447 0
-303 -255 0
-303 -543 0
-303 -183 0
-303 -159 0
-231 -327 0
-231 -471 0
-231 -63 0
-231 -279 0
-231 -423 0
-231 -135 0
-231 -111 0
-231 -495 0
-231 -351 0
-231 -399 0
-231 -519 0
-231 -447 0
-231 -255 0
-231 -543 0
-231 -183 0
-231 -159 0
-327 -471 0
-327 -63 0
-327 -279 0
-327 -423 0
-327 -135 0
-327 -111 0
-327 -495 0
-327 -351 0
-327 -399 0
-327 -519 0
-327 -447 0
-327 -255 0
-327 -543 0
-327 -183 0
-327 -159 0
-471 -63 0
-471 -279 0
-471 -423 0
-471 -135 0
-471 -111 0
-471 -495 0
-471 -351 0
-471 -399 0
-471 -519 0
-471 -447 0
-471 -255 0
-471 -543 0
-471 -183 0
-471 -159 0
-63 -279 0
-63 -423 0
-63 -135 0
-63 -111 0
-63 -495 0
-63 -351 0
-63 -399 0
-63 -519 0
-63 -447 0
-63 -255 0
-63 -543 0
-63 -183 0
-63 -159 0
-279 -423 0
-279 -135 0
-279 -111 0
-279 -495 0
-279 -351 0
-279 -399 0
-279 -519 0
-279 -447 0
-279 -255 0
-279 -543 0
-279 -183 0
-279 -159 0
-423 -135 0
-423 -111 0
-423 -495 0
-423 -351 0
-423 -399 0
-423 -519 0
-423 -447 0
-423 -255 0
-423 -543 0
-423 -183 0
-423 -159 0
-135 -111 0
-135 -495 0
-135 -351 0
-135 -399 0
-135 -519 0
-135 -447 0
-135 -255 0
-135 -543 0
-135 -183 0
-135 -159 0
-111 -495 0
-111 -351 0
-111 -399 0
-111 -519 0
-111 -447 0
-111 -255 0
-111 -543 0
-111 -183 0
-111 -159 0
-495 -351 0
-495 -399 0
-495 -519 0
-495 -447 0
-495 -255 0
-495 -543 0
-495 -183 0
-495 -159 0
-351 -399 0
-351 -519 0
-351 -447 0
-351 -255 0
-351 -543 0
-351 -183 0
-351 -159 0
-399 -519 0
-399 -447 0
-399 -255 0
-399 -543 0
-399 -183 0
-399 -159 0
-519 -447 0
-519 -255 0
-519 -543 0
-519 -183 0
-519 -159 0
-447 -255 0
-447 -543 0
-447 -183 0
-447 -159 0
-255 -543 0
-255 -183 0
-255 -159 0
-543 -183 0
-543 -159 0
-183 -159 0
43 19 211 379 91 569 307 235 331 475 67 283 427 139 115 499 355 403 523 451 259 547 187 163 0
-43 -19 0
-43 -211 0
-43 -379 0
-43 -91 0
-43 -569 0
-43 -307 0
-43 -235 0
-43 -331 0
-43 -475 0
-43 -67 0
-43 -283 0
-43 -427 0
-43 -139 0
-43 -115 0
-43 -499 0
-43 -355 0
-43 -403 0
-43 -523 0
-43 -451 0
-43 -259 0
-43 -547 0
-43 -187 0
-43 -163 0
-19 -211 0
-19 -379 0
-19 -91 0
-19 -569 0
-19 -307 0
-19 -235 0
-19 -331 0
-19 -475 0
-19 -67 0
-19 -283 0
-19 -427 0
-19 -139 0
-19 -115 0
-19 -499 0
-19 -355 0
-19 -403 0
-19 -523 0
-19 -451 0
-19 -259 0
-19 -547 0
-19 -187 0
-19 -163 0
-211 -379 0
-211 -91 0
-211 -569 0
-211 -307 0
-211 -235 0
-211 -331 0
-211 -475 0
-211 -67 0
-211 -283 0
-211 -427 0
-211 -139 0
-211 -115 0
-211 -499 0
-211 -355 0
-211 -403 0
-211 -523 0
-211 -451 0
-211 -259 0
-211 -547 0
-211 -187 0
-211 -163 0
-379 -91 0
-379 -569 0
-379 -307 0
-379 -235 0
-379 -331 0
-379 -475 0
-379 -67 0
-379 -283 0
-379 -427 0
-379 -139 0
-379 -115 0
-379 -499 0
-379 -355 0
-379 -403 0
-379 -523 0
-379 -451 0
-379 -259 0
-379 -547 0
-379 -187 0
-379 -163 0
-91 -569 0
-91 -307 0
-91 -235 0
-91 -331 0
-91 -475 0
-91 -67 0
-91 -283 0
-91 -427 0
-91 -139 0
-91 -115 0
-91 -499 0
-91 -355 0
-91 -403 0
-91 -523 0
-91 -451 0
-91 -259 0
-91 -547 0
-91 -187 0
-91 -163 0
-569 -307 0
-569 -235 0
-569 -331 0
-569 -475 0
-569 -67 0
-569 -283 0
-569 -427 0
-569 -139 0
-569 -115 0
-569 -499 0
-569 -355 0
-569 -403 0
-569 -523 0
-569 -451 0
-569 -259 0
-569 -547 0
-569 -187 0
-569 -163 0
-307 -235 0
-307 -331 0
-307 -475 0
-307 -67 0
-307 -283 0
-307 -427 0
-307 -139 0
-307 -115 0
-307 -499 0
-307 -355 0
-307 -403 0
-307 -523 0
-307 -451 0
-307 -259 0
-307 -547 0
-307 -187 0
-307 -163 0
-235 -331 0
-235 -475 0
-235 -67 0
-235 -283 0
-235 -427 0
-235 -139 0
-235 -115 0
-235 -499 0
-235 -355 0
-235 -403 0
-235 -523 0
-235 -451 0
-235 -259 0
-235 -547 0
-235 -187 0
-235 -163 0
-331 -475 0
-331 -67 0
-331 -283 0
-331 -427 0
-331 -139 0
-331 -115 0
-331 -499 0
-331 -355 0
-331 -403 0
-331 -523 0
-331 -451 0
-331 -259 0
-331 -547 0
-331 -187 0
-331 -163 0
-475 -67 0
-475 -283 0
-475 -427 0
-475 -139 0
-475 -115 0
-475 -499 0
-475 -355 0
-475 -403 0
-475 -523 0
-475 -451 0
-475 -259 0
-475 -547 0
-475 -187 0
-475 -163 0
-67 -283 0
-67 -427 0
-67 -139 0
-67 -115 0
-67 -499 0
-67 -355 0
-67 -403 0
-67 -523 0
-67 -451 0
-67 -259 0
-67 -547 0
-67 -187 0
-67 -163 0
-283 -427 0
-283 -139 0
-283 -115 0
-283 -499 0
-283 -355 0
-283 -403 0
-283 -523 0
-283 -451 0
-283 -259 0
-283 -547 0
-283 -187 0
-283 -163 0
-427 -139 0
-427 -115 0
-427 -499 0
-427 -355 0
-427 -403 0
-427 -523 0
-427 -451 0
-427 -259 0
-427 -547 0
-427 -187 0
-427 -163 0
-139 -115 0
-139 -499 0
-139 -355 0
-139 -403 0
-139 -523 0
-139 -451 0
-139 -259 0
-139 -547 0
-139 -187 0
-139 -163 0
-115 -499 0
-115 -355 0
-115 -403 0
-115 -523 0
-115 -451 0
-115 -259 0
-115 -547 0
-115 -187 0
-115 -163 0
-499 -355 0
-499 -403 0
-499 -523 0
-499 -451 0
-499 -259 0
-499 -547 0
-499 -187 0
-499 -163 0
-355 -403 0
-355 -523 0
-355 -451 0
-355 -259 0
-355 -547 0
-355 -187 0
-355 -163 0
-403 -523 0
-403 -451 0
-403 -259 0
-403 -547 0
-403 -187 0
-403 -163 0
-523 -451 0
-523 -259 0
-523 -547 0
-523 -187 0
-523 -163 0
-451 -259 0
-451 -547 0
-451 -187 0
-451 -163 0
-259 -547 0
-259 -187 0
-259 -163 0
-547 -187 0
-547 -163 0
-187 -163 0
47 23 215 383 95 570 311 239 335 479 71 287 431 143 119 503 359 407 527 455 263 551 191 167 0
-47 -23 0
-47 -215 0
-47 -383 0
-47 -95 0
-47 -570 0
-47 -311 0
-47 -239 0
-47 -335 0
-47 -479 0
-47 -71 0
-47 -287 0
-47 -431 0
-47 -143 0
-47 -119 0
-47 -503 0
-47 -359 0
-47 -407 0
-47 -527 0
-47 -455 0
-47 -263 0
-47 -551 0
-47 -191 0
-47 -167 0
-23 -215 0
-23 -383 0
-23 -95 0
-23 -570 0
-23 -311 0
-23 -239 0
-23 -335 0
-23 -479 0
-23 -71 0
-23 -287 0
-23 -431 0
-23 -143 0
-23 -119 0
-23 -503 0
-23 -359 0
-23 -407 0
-23 -527 0
-23 -455 0
-23 -263 0
-23 -551 0
-23 -191 0
-23 -167 0
-215 -383 0
-215 -95 0
-215 -570 0
-215 -311 0
-215 -239 0
-215 -335 0
-215 -479 0
-215 -71 0
-215 -287 0
-215 -431 0
-215 -143 0
-215 -119 0
-215 -503 0
-215 -359 0
-215 -407 0
-215 -527 0
-215 -455 0
-215 -263 0
-215 -551 0
-215 -191 0
-215 -167 0
-383 -95 0
-383 -570 0
-383 -311 0
-383 -239 0
-383 -335 0
-383 -479 0
-383 -71 0
-383 -287 0
-383 -431 0
-383 -143 0
-383 -119 0
-383 -503 0
-383 -359 0
-383 -407 0
-383 -527 0
-383 -455 0
-383 -263 0
-383 -551 0
-383 -191 0
-383 -167 0
-95 -570 0
-95 -311 0
-95 -239 0
-95 -335 0
-95 -479 0
-95 -71 0
-95 -287 0
-95 -431 0
-95 -143 0
-95 -119 0
-95 -503 0
-95 -359 0
-95 -407 0
-95 -527 0
-95 -455 0
-95 -263 0
-95 -551 0
-95 -191 0
-95 -167 0
-570 -311 0
-570 -239 0
-570 -335 0
-570 -479 0
-570 -71 0
-570 -287 0
-570 -431 0
-570 -143 0
-570 -119 0
-570 -503 0
-570 -359 0
-570 -407 0
-570 -527 0
-570 -455 0
-570 -263 0
-570 -551 0
-570 -191 0
-570 -167 0
-311 -239 0
-311 -335 0
-311 -479 0
-311 -71 0
-311 -287 0
-311 -431 0
-311 -143 0
-311 -119 0
-311 -503 0
-311 -359 0
-311 -407 0
-311 -527 0
-311 -455 0
-311 -263 0
-311 -551 0
-311 -191 0
-311 -167 0
-239 -335 0
-239 -479 0
-239 -71 0
-239 -287 0
-239 -431 0
-239 -143 0
-239 -119 0
-239 -503 0
-239 -359 0
-239 -407 0
-239 -527 0
-239 -455 0
-239 -263 0
-239 -551 0
-239 -191 0
-239 -167 0
-335 -479 0
-335 -71 0
-335 -287 0
-335 -431 0
-335 -143 0
-335 -119 0
-335 -503 0
-335 -359 0
-335 -407 0
-335 -527 0
-335 -455 0
-335 -263 0
-335 -551 0
-335 -191 0
-335 -167 0
-479 -71 0
-479 -287 0
-479 -431 0
-479 -143 0
-479 -119 0
-479 -503 0
-479 -359 0
-479 -407 0
-479 -527 0
-479 -455 0
-479 -263 0
-479 -551 0
-479 -191 0
-479 -167 0
-71 -287 0
-71 -431 0
-71 -143 0
-71 -119 0
-71 -503 0
-71 -359 0
-71 -407 0
-71 -527 0
-71 -455 0
-71 -263 0
-71 -551 0
-71 -191 0
-71 -167 0
-287 -431 0
-287 -143 0
-287 -119 0
-287 -503 0
-287 -359 0
-287 -407 0
-287 -527 0
-287 -455 0
-287 -263 0
-287 -551 0
-287 -191 0
-287 -167 0
-431 -143 0
-431 -119 0
-431 -503 0
-431 -359 0
-431 -407 0
-431 -527 0
-431 -455 0
-431 -263 0
-431 -551 0
-431 -191 0
-431 -167 0
-143 -119 0
-143 -503 0
-143 -359 0
-143 -407 0
-143 -527 0
-143 -455 0
-143 -263 0
-143 -551 0
-143 -191 0
-143 -167 0
-119 -503 0
-119 -359 0
-119 -407 0
-119 -527 0
-119 -455 0
-119 -263 0
-119 -551 0
-119 -191 0
-119 -167 0
-503 -359 0
-503 -407 0
-503 -527 0
-503 -455 0
-503 -263 0
-503 -551 0
-503 -191 0
-503 -167 0
-359 -407 0
-359 -527 0
-359 -455 0
-359 -263 0
-359 -551 0
-359 -191 0
-359 -167 0
-407 -527 0
-407 -455 0
-407 -263 0
-407 -551 0
-407 -191 0
-407 -167 0
-527 -455 0
-527 -263 0
-527 -551 0
-527 -191 0
-527 -167 0
-455 -263 0
-455 -551 0
-455 -191 0
-455 -167 0
-263 -551 0
-263 -191 0
-263 -167 0
-551 -191 0
-551 -167 0
-191 -167 0
28 4 196 364 76 571 292 220 316 460 52 268 412 124 100 484 340 388 508 436 244 532 172 148 0
-28 -4 0
-28 -196 0
-28 -364 0
-28 -76 0
-28 -571 0
-28 -292 0
-28 -220 0
-28 -316 0
-28 -460 0
-28 -52 0
-28 -268 0
-28 -412 0
-28 -124 0
-28 -100 0
-28 -484 0
-28 -340 0
-28 -388 0
-28 -508 0
-28 -436 0
-28 -244 0
-28 -532 0
-28 -172 0
-28 -148 0
-4 -196 0
-4 -364 0
-4 -76 0
-4 -571 0
-4 -292 0
-4 -220 0
-4 -316 0
-4 -460 0
-4 -52 0
-4 -268 0
-4 -412 0
-4 -124 0
-4 -100 0
-4 -484 0
-4 -340 0
-4 -388 0
-4 -508 0
-4 -436 0
-4 -244 0
-4 -532 0
-4 -172 0
-4 -148 0
-196 -364 0
-196 -76 0
-196 -571 0
-196 -292 0
-196 -220 0
-196 -316 0
-196 -460 0
-196 -52 0
-196 -268 0
-196 -412 0
-196 -124 0
-196 -100 0
-196 -484 0
-196 -340 0
-196 -388 0
-196 -508 0
-196 -436 0
-196 -244 0
-196 -532 0
-196 -172 0
-196 -148 0
-364 -76 0
-364 -571 0
-364 -292 0
-364 -220 0
-364 -316 0
-364 -460 0
-364 -52 0
-364 -268 0
-364 -412 0
-364 -124 0
-364 -100 0
-364 -484 0
-364 -340 0
-364 -388 0
-364 -508 0
-364 -436 0
-364 -244 0
-364 -532 0
-364 -172 0
-364 -148 0
-76 -571 0
-76 -292 0
-76 -220 0
-76 -316 0
-76 -460 0
-76 -52 0
-76 -268 0
-76 -412 0
-76 -124 0
-76 -100 0
-76 -484 0
-76 -340 0
-76 -388 0
-76 -508 0
-76 -436 0
-76 -244 0
-76 -532 0
-76 -172 0
-76 -148 0
-571 -292 0
-571 -220 0
-571 -316 0
-571 -460 0
-571 -52 0
-571 -268 0
-571 -412 0
-571 -124 0
-571 -100 0
-571 -484 0
-571 -340 0
-571 -388 0
-571 -508 0
-571 -436 0
-571 -244 0
-571 -532 0
-571 -172 0
-571 -148 0
-292 -220 0
-292 -316 0
-292 -460 0
-292 -52 0
-292 -268 0
-292 -412 0
-292 -124 0
-292 -100 0
-292 -484 0
-292 -340 0
-292 -388 0
-292 -508 0
-292 -436 0
-292 -244 0
-292 -532 0
-292 -172 0
-292 -148 0
-220 -316 0
-220 -460 0
-220 -52 0
-220 -268 0
-220 -412 0
-220 -124 0
-220 -100 0
-220 -484 0
-220 -340 0
-220 -388 0
-220 -508 0
-220 -436 0
-220 -244 0
-220 -532 0
-220 -172 0
-220 -148 0
-316 -460 0
-316 -52 0
-316 -268 0
-316 -412 0
-316 -124 0
-316 -100 0
-316 -484 0
-316 -340 0
-316 -388 0
-316 -508 0
-316 -436 0
-316 -244 0
-316 -532 0
-316 -172 0
-316 -148 0
-460 -52 0
-460 -268 0
-460 -412 0
-460 -124 0
-460 -100 0
-460 -484 0
-460 -340 0
-460 -388 0
-460 -508 0
-460 -436 0
-460 -244 0
-460 -532 0
-460 -172 0
-460 -148 0
-52 -268 0
-52 -412 0
-52 -124 0
-52 -100 0
-52 -484 0
-52 -340 0
-52 -388 0
-52 -508 0
-52 -436 0
-52 -244 0
-52 -532 0
-52 -172 0
-52 -148 0
-268 -412 0
-268 -124 0
-268 -100 0
-268 -484 0
-268 -340 0
-268 -388 0
-268 -508 0
-268 -436 0
-268 -244 0
-268 -532 0
-268 -172 0
-268 -148 0
-412 -124 0
-412 -100 0
-412 -484 0
-412 -340 0
-412 -388 0
-412 -508 0
-412 -436 0
-412 -244 0
-412 -532 0
-412 -172 0
-412 -148 0
-124 -100 0
-124 -484 0
-124 -340 0
-124 -388 0
-124 -508 0
-124 -436 0
-124 -244 0
-124 -532 0
-124 -172 0
-124 -148 0
-100 -484 0
-100 -340 0
-100 -388 0
-100 -508 0
-100 -436 0
-100 -244 0
-100 -532 0
-100 -172 0
-100 -148 0
-484 -340 0
-484 -388 0
-484 -508 0
-484 -436 0
-484 -244 0
-484 -532 0
-484 -172 0
-484 -148 0
-340 -388 0
-340 -508 0
-340 -436 0
-340 -244 0
-340 -532 0
-340 -172 0
-340 -148 0
-388 -508 0
-388 -436 0
-388 -244 0
-388 -532 0
-388 -172 0
-388 -148 0
-508 -436 0
-508 -244 0
-508 -532 0
-508 -172 0
-508 -148 0
-436 -244 0
-436 -532 0
-436 -172 0
-436 -148 0
-244 -532 0
-244 -172 0
-244 -148 0
-532 -172 0
-532 -148 0
-172 -148 0
32 8 200 368 80 572 296 224 320 464 56 272 416 128 104 488 344 392 512 440 248 536 176 152 0
-32 -8 0
-32 -200 0
-32 -368 0
-32 -80 0
-32 -572 0
-32 -296 0
-32 -224 0
-32 -320 0
-32 -464 0
-32 -56 0
-32 -272 0
-32 -416 0
-32 -128 0
-32 -104 0
-32 -488 0
-32 -344 0
-32 -392 0
-32 -512 0
-32 -440 0
-32 -248 0
-32 -536 0
-32 -176 0
-32 -152 0
-8 -200 0
-8 -368 0
-8 -80 0
-8 -572 0
-8 -296 0
-8 -224 0
-8 -320 0
-8 -464 0
-8 -56 0
-8 -272 0
-8 -416 0
-8 -128 0
-8 -104 0
-8 -488 0
-8 -344 0
-8 -392 0
-8 -512 0
-8 -440 0
-8 -248 0
-8 -536 0
-8 -176 0
-8 -152 0
-200 -368 0
-200 -80 0
-200 -572 0
-200 -296 0
-200 -224 0
-200 -320 0
-200 -464 0
-200 -56 0
-200 -272 0
-200 -416 0
-200 -128 0
-200 -104 0
-200 -488 0
-200 -344 0
-200 -392 0
-200 -512 0
-200 -440 0
-200 -248 0
-200 -536 0
-200 -176 0
-200 -152 0
-368 -80 0
-368 -572 0
-368 -296 0
-368 -224 0
-368 -320 0
-368 -464 0
-368 -56 0
-368 -272 0
-368 -416 0
-368 -128 0
-368 -104 0
-368 -488 0
-368 -344 0
-368 -392 0
-368 -512 0
-368 -440 0
-368 -248 0
-368 -536 0
-368 -176 0
-368 -152 0
-80 -572 0
-80 -296 0
-80 -224 0
-80 -320 0
-80 -464 0
-80 -56 0
-80 -272 0
-80 -416 0
-80 -128 0
-80 -104 0
-80 -488 0
-80 -344 0
-80 -392 0
-80 -512 0
-80 -440 0
-80 -248 0
-80 -536 0
-80 -176 0
-80 -152 0
-572 -296 0
-572 -224 0
-572 -320 0
-572 -464 0
-572 -56 0
-572 -272 0
-572 -416 0
-572 -128 0
-572 -104 0
-572 -488 0
-572 -344 0
-572 -392 0
-572 -512 0
-572 -440 0
-572 -248 0
-572 -536 0
-572 -176 0
-572 -152 0
-296 -224 0
-296 -320 0
-296 -464 0
-296 -56 0
-296 -272 0
-296 -416 0
-296 -128 0
-296 -104 0
-296 -488 0
-296 -344 0
-296 -392 0
-296 -512 0
-296 -440 0
-296 -248 0
-296 -536 0
-296 -176 0
-296 -152 0
-224 -320 0
-224 -464 0
-224 -56 0
-224 -272 0
-224 -416 0
-224 -128 0
-224 -104 0
-224 -488 0
-224 -344 0
-224 -392 0
-224 -512 0
-224 -440 0
-224 -248 0
-224 -536 0
-224 -176 0
-224 -152 0
-320 -464 0
-320 -56 0
-320 -272 0
-320 -416 0
-320 -128 0
-320 -104 0
-320 -488 0
-320 -344 0
-320 -392 0
-320 -512 0
-320 -440 0
-320 -248 0
-320 -536 0
-320 -176 0
-320 -152 0
-464 -56 0
-464 -272 0
-464 -416 0
-464 -128 0
-464 -104 0
-464 -488 0
-464 -344 0
-464 -392 0
-464 -512 0
-464 -440 0
-464 -248 0
-464 -536 0
-464 -176 0
-464 -152 0
-56 -272 0
-56 -416 0
-56 -128 0
-56 -104 0
-56 -488 0
-56 -344 0
-56 -392 0
-56 -512 0
-56 -440 0
-56 -248 0
-56 -536 0
-56 -176 0
-56 -152 0
-272 -416 0
-272 -128 0
-272 -104 0
-272 -488 0
-272 -344 0
-272 -392 0
-272 -512 0
-272 -440 0
-272 -248 0
-272 -536 0
-272 -176 0
-272 -152 0
-416 -128 0
-416 -104 0
-416 -488 0
-416 -344 0
-416 -392 0
-416 -512 0
-416 -440 0
-416 -248 0
-416 -536 0
-416 -176 0
-416 -152 0
-128 -104 0
-128 -488 0
-128 -344 0
-128 -392 0
-128 -512 0
-128 -440 0
-128 -248 0
-128 -536 0
-128 -176 0
-128 -152 0
-104 -488 0
-104 -344 0
-104 -392 0
-104 -512 0
-104 -440 0
-104 -248 0
-104 -536 0
-104 -176 0
-104 -152 0
-488 -344 0
-488 -392 0
-488 -512 0
-488 -440 0
-488 -248 0
-488 -536 0
-488 -176 0
-488 -152 0
-344 -392 0
-344 -512 0
-344 -440 0
-344 -248 0
-344 -536 0
-344 -176 0
-344 -152 0
-392 -512 0
-392 -440 0
-392 -248 0
-392 -536 0
-392 -176 0
-392 -152 0
-512 -440 0
-512 -248 0
-512 -536 0
-512 -176 0
-512 -152 0
-440 -248 0
-440 -536 0
-440 -176 0
-440 -152 0
-248 -536 0
-248 -176 0
-248 -152 0
-536 -176 0
-536 -152 0
-176 -152 0
36 12 204 372 84 573 300 228 324 468 60 276 420 132 108 492 348 396 516 444 252 540 180 156 0
-36 -12 0
-36 -204 0
-36 -372 0
-36 -84 0
-36 -573 0
-36 -300 0
-36 -228 0
-36 -324 0
-36 -468 0
-36 -60 0
-36 -276 0
-36 -420 0
-36 -132 0
-36 -108 0
-36 -492 0
-36 -348 0
-36 -396 0
-36 -516 0
-36 -444 0
-36 -252 0
-36 -540 0
-36 -180 0
-36 -156 0
-12 -204 0
-12 -372 0
-12 -84 0
-12 -573 0
-12 -300 0
-12 -228 0
-12 -324 0
-12 -468 0
-12 -60 0
-12 -276 0
-12 -420 0
-12 -132 0
-12 -108 0
-12 -492 0
-12 -348 0
-12 -396 0
-12 -516 0
-12 -444 0
-12 -252 0
-12 -540 0
-12 -180 0
-12 -156 0
-204 -372 0
-204 -84 0
-204 -573 0
-204 -300 0
-204 -228 0
-204 -324 0
-204 -468 0
-204 -60 0
-204 -276 0
-204 -420 0
-204 -132 0
-204 -108 0
-204 -492 0
-204 -348 0
-204 -396 0
-204 -516 0
-204 -444 0
-204 -252 0
-204 -540 0
-204 -180 0
-204 -156 0
-372 -84 0
-372 -573 0
-372 -300 0
-372 -228 0
-372 -324 0
-372 -468 0
-372 -60 0
-372 -276 0
-372 -420 0
-372 -132 0
-372 -108 0
-372 -492 0
-372 -348 0
-372 -396 0
-372 -516 0
-372 -444 0
-372 -252 0
-372 -540 0
-372 -180 0
-372 -156 0
-84 -573 0
-84 -300 0
-84 -228 0
-84 -324 0
-84 -468 0
-84 -60 0
-84 -276 0
-84 -420 0
-84 -132 0
-84 -108 0
-84 -492 0
-84 -348 0
-84 -396 0
-84 -516 0
-84 -444 0
-84 -252 0
-84 -540 0
-84 -180 0
-84 -156 0
-573 -300 0
-573 -228 0
-573 -324 0
-573 -468 0
-573 -60 0
-573 -276 0
-573 -420 0
-573 -132 0
-573 -108 0
-573 -492 0
-573 -348 0
-573 -396 0
-573 -516 0
-573 -444 0
-573 -252 0
-573 -540 0
-573 -180 0
-573 -156 0
-300 -228 0
-300 -324 0
-300 -468 0
-300 -60 0
-300 -276 0
-300 -420 0
-300 -132 0
-300 -108 0
-300 -492 0
-300 -348 0
-300 -396 0
-300 -516 0
-300 -444 0
-300 -252 0
-300 -540 0
-300 -180 0
-300 -156 0
-228 -324 0
-228 -468 0
-228 -60 0
-228 -276 0
-228 -420 0
-228 -132 0
-228 -108 0
-228 -492 0
-228 -348 0
-228 -396 0
-228 -516 0
-228 -444 0
-228 -252 0
-228 -540 0
-228 -180 0
-228 -156 0
-324 -468 0
-324 -60 0
-324 -276 0
-324 -420 0
-324 -132 0
-324 -108 0
-324 -492 0
-324 -348 0
-324 -396 0
-324 -516 0
-324 -444 0
-324 -252 0
-324 -540 0
-324 -180 0
-324 -156 0
-468 -60 0
-468 -276 0
-468 -420 0
-468 -132 0
-468 -108 0
-468 -492 0
-468 -348 0
-468 -396 0
-468 -516 0
-468 -444 0
-468 -252 0
-468 -540 0
-468 -180 0
-468 -156 0
-60 -276 0
-60 -420 0
-60 -132 0
-60 -108 0
-60 -492 0
-60 -348 0
-60 -396 0
-60 -516 0
-60 -444 0
-60 -252 0
-60 -540 0
-60 -180 0
-60 -156 0
-276 -420 0
-276 -132 0
-276 -108 0
-276 -492 0
-276 -348 0
-276 -396 0
-276 -516 0
-276 -444 0
-276 -252 0
-276 -540 0
-276 -180 0
-276 -156 0
-420 -132 0
-420 -108 0
-420 -492 0
-420 -348 0
-420 -396 0
-420 -516 0
-420 -444 0
-420 -252 0
-420 -540 0
-420 -180 0
-420 -156 0
-132 -108 0
-132 -492 0
-132 -348 0
-132 -396 0
-132 -516 0
-132 -444 0
-132 -252 0
-132 -540 0
-132 -180 0
-132 -156 0
-108 -492 0
-108 -348 0
-108 -396 0
-108 -516 0
-108 -444 0
-108 -252 0
-108 -540 0
-108 -180 0
-108 -156 0
-492 -348 0
-492 -396 0
-492 -516 0
-492 -444 0
-492 -252 0
-492 -540 0
-492 -180 0
-492 -156 0
-348 -396 0
-348 -516 0
-348 -444 0
-348 -252 0
-348 -540 0
-348 -180 0
-348 -156 0
-396 -516 0
-396 -444 0
-396 -252 0
-396 -540 0
-396 -180 0
-396 -156 0
-516 -444 0
-516 -252 0
-516 -540 0
-516 -180 0
-516 -156 0
-444 -252 0
-444 -540 0
-444 -180 0
-444 -156 0
-252 -540 0
-252 -180 0
-252 -156 0
-540 -180 0
-540 -156 0
-180 -156 0
40 16 208 376 88 574 304 232 328 472 64 280 424 136 112 496 352 400 520 448 256 544 184 160 0
-40 -16 0
-40 -208 0
-40 -376 0
-40 -88 0
-40 -574 0
-40 -304 0
-40 -232 0
-40 -328 0
-40 -472 0
-40 -64 0
-40 -280 0
-40 -424 0
-40 -136 0
-40 -112 0
-40 -496 0
-40 -352 0
-40 -400 0
-40 -520 0
-40 -448 0
-40 -256 0
-40 -544 0
-40 -184 0
-40 -160 0
-16 -208 0
-16 -376 0
-16 -88 0
-16 -574 0
-16 -304 0
-16 -232 0
-16 -328 0
-16 -472 0
-16 -64 0
-16 -280 0
-16 -424 0
-16 -136 0
-16 -112 0
-16 -496 0
-16 -352 0
-16 -400 0
-16 -520 0
-16 -448 0
-16 -256 0
-16 -544 0
-16 -184 0
-16 -160 0
-208 -376 0
-208 -88 0
-208 -574 0
-208 -304 0
-208 -232 0
-208 -328 0
-208 -472 0
-208 -64 0
-208 -280 0
-208 -424 0
-208 -136 0
-208 -112 0
-208 -496 0
-208 -352 0
-208 -400 0
-208 -520 0
-208 -448 0
-208 -256 0
-208 -544 0
-208 -184 0
-208 -160 0
-376 -88 0
-376 -574 0
-376 -304 0
-376 -232 0
-376 -328 0
-376 -472 0
-376 -64 0
-376 -280 0
-376 -424 0
-376 -136 0
-376 -112 0
-376 -496 0
-376 -352 0
-376 -400 0
-376 -520 0
-376 -448 0
-376 -256 0
-376 -544 0
-376 -184 0
-376 -160 0
-88 -574 0
-88 -304 0
-88 -232 0
-88 -328 0
-88 -472 0
-88 -64 0
-88 -280 0
-88 -424 0
-88 -136 0
-88 -112 0
-88 -496 0
-88 -352 0
-88 -400 0
-88 -520 0
-88 -448 0
-88 -256 0
-88 -544 0
-88 -184 0
-88 -160 0
-574 -304 0
-574 -232 0
-574 -328 0
-574 -472 0
-574 -64 0
-574 -280 0
-574 -424 0
-574 -136 0
-574 -112 0
-574 -496 0
-574 -352 0
-574 -400 0
-574 -520 0
-574 -448 0
-574 -256 0
-574 -544 0
-574 -184 0
-574 -160 0
-304 -232 0
-304 -328 0
-304 -472 0
-304 -64 0
-304 -280 0
-304 -424 0
-304 -136 0
-304 -112 0
-304 -496 0
-304 -352 0
-304 -400 0
-304 -520 0
-304 -448 0
-304 -256 0
-304 -544 0
-304 -184 0
-304 -160 0
-232 -328 0
-232 -472 0
-232 -64 0
-232 -280 0
-232 -424 0
-232 -136 0
-232 -112 0
-232 -496 0
-232 -352 0
-232 -400 0
-232 -520 0
-232 -448 0
-232 -256 0
-232 -544 0
-232 -184 0
-232 -160 0
-328 -472 0
-328 -64 0
-328 -280 0
-328 -424 0
-328 -136 0
-328 -112 0
-328 -496 0
-328 -352 0
-328 -400 0
-328 -520 0
-328 -448 0
-328 -256 0
-328 -544 0
-328 -184 0
-328 -160 0
-472 -64 0
-472 -280 0
-472 -424 0
-472 -136 0
-472 -112 0
-472 -496 0
-472 -352 0
-472 -400 0
-472 -520 0
-472 -448 0
-472 -256 0
-472 -544 0
-472 -184 0
-472 -160 0
-64 -280 0
-64 -424 0
-64 -136 0
-64 -112 0
-64 -496 0
-64 -352 0
-64 -400 0
-64 -520 0
-64 -448 0
-64 -256 0
-64 -544 0
-64 -184 0
-64 -160 0
-280 -424 0
-280 -136 0
-280 -112 0
-280 -496 0
-280 -352 0
-280 -400 0
-280 -520 0
-280 -448 0
-280 -256 0
-280 -544 0
-280 -184 0
-280 -160 0
-424 -136 0
-424 -112 0
-424 -496 0
-424 -352 0
-424 -400 0
-424 -520 0
-424 -448 0
-424 -256 0
-424 -544 0
-424 -184 0
-424 -160 0
-136 -112 0
-136 -496 0
-136 -352 0
-136 -400 0
-136 -520 0
-136 -448 0
-136 -256 0
-136 -544 0
-136 -184 0
-136 -160 0
-112 -496 0
-112 -352 0
-112 -400 0
-112 -520 0
-112 -448 0
-112 -256 0
-112 -544 0
-112 -184 0
-112 -160 0
-496 -352 0
-496 -400 0
-496 -520 0
-496 -448 0
-496 -256 0
-496 -544 0
-496 -184 0
-496 -160 0
-352 -400 0
-352 -520 0
-352 -448 0
-352 -256 0
-352 -544 0
-352 -184 0
-352 -160 0
-400 -520 0
-400 -448 0
-400 -256 0
-400 -544 0
-400 -184 0
-400 -160 0
-520 -448 0
-520 -256 0
-520 -544 0
-520 -184 0
-520 -160 0
-448 -256 0
-448 -544 0
-448 -184 0
-448 -160 0
-256 -544 0
-256 -184 0
-256 -160 0
-544 -184 0
-544 -160 0
-184 -160 0
44 20 212 380 92 575 308 236 332 476 68 284 428 140 116 500 356 404 524 452 260 548 188 164 0
-44 -20 0
-44 -212 0
-44 -380 0
-44 -92 0
-44 -575 0
-44 -308 0
-44 -236 0
-44 -332 0
-44 -476 0
-44 -68 0
-44 -284 0
-44 -428 0
-44 -140 0
-44 -116 0
-44 -500 0
-44 -356 0
-44 -404 0
-44 -524 0
-44 -452 0
-44 -260 0
-44 -548 0
-44 -188 0
-44 -164 0
-20 -212 0
-20 -380 0
-20 -92 0
-20 -575 0
-20 -308 0
-20 -236 0
-20 -332 0
-20 -476 0
-20 -68 0
-20 -284 0
-20 -428 0
-20 -140 0
-20 -116 0
-20 -500 0
-20 -356 0
-20 -404 0
-20 -524 0
-20 -452 0
-20 -260 0
-20 -548 0
-20 -188 0
-20 -164 0
-212 -380 0
-212 -92 0
-212 -575 0
-212 -308 0
-212 -236 0
-212 -332 0
-212 -476 0
-212 -68 0
-212 -284 0
-212 -428 0
-212 -140 0
-212 -116 0
-212 -500 0
-212 -356 0
-212 -404 0
-212 -524 0
-212 -452 0
-212 -260 0
-212 -548 0
-212 -188 0
-212 -164 0
-380 -92 0
-380 -575 0
-380 -308 0
-380 -236 0
-380 -332 0
-380 -476 0
-380 -68 0
-380 -284 0
-380 -428 0
-380 -140 0
-380 -116 0
-380 -500 0
-380 -356 0
-380 -404 0
-380 -524 0
-380 -452 0
-380 -260 0
-380 -548 0
-380 -188 0
-380 -164 0
-92 -575 0
-92 -308 0
-92 -236 0
-92 -332 0
-92 -476 0
-92 -68 0
-92 -284 0
-92 -428 0
-92 -140 0
-92 -116 0
-92 -500 0
-92 -356 0
-92 -404 0
-92 -524 0
-92 -452 0
-92 -260 0
-92 -548 0
-92 -188 0
-92 -164 0
-575 -308 0
-575 -236 0
-575 -332 0
-575 -476 0
-575 -68 0
-575 -284 0
-575 -428 0
-575 -140 0
-575 -116 0
-575 -500 0
-575 -356 0
-575 -404 0
-575 -524 0
-575 -452 0
-575 -260 0
-575 -548 0
-575 -188 0
-575 -164 0
-308 -236 0
-308 -332 0
-308 -476 0
-308 -68 0
-308 -284 0
-308 -428 0
-308 -140 0
-308 -116 0
-308 -500 0
-308 -356 0
-308 -404 0
-308 -524 0
-308 -452 0
-308 -260 0
-308 -548 0
-308 -188 0
-308 -164 0
-236 -332 0
-236 -476 0
-236 -68 0
-236 -284 0
-236 -428 0
-236 -140 0
-236 -116 0
-236 -500 0
-236 -356 0
-236 -404 0
-236 -524 0
-236 -452 0
-236 -260 0
-236 -548 0
-236 -188 0
-236 -164 0
-332 -476 0
-332 -68 0
-332 -284 0
-332 -428 0
-332 -140 0
-332 -116 0
-332 -500 0
-332 -356 0
-332 -404 0
-332 -524 0
-332 -452 0
-332 -260 0
-332 -548 0
-332 -188 0
-332 -164 0
-476 -68 0
-476 -284 0
-476 -428 0
-476 -140 0
-476 -116 0
-476 -500 0
-476 -356 0
-476 -404 0
-476 -524 0
-476 -452 0
-476 -260 0
-476 -548 0
-476 -188 0
-476 -164 0
-68 -284 0
-68 -428 0
-68 -140 0
-68 -116 0
-68 -500 0
-68 -356 0
-68 -404 0
-68 -524 0
-68 -452 0
-68 -260 0
-68 -548 0
-68 -188 0
-68 -164 0
-284 -428 0
-284 -140 0
-284 -116 0
-284 -500 0
-284 -356 0
-284 -404 0
-284 -524 0
-284 -452 0
-284 -260 0
-284 -548 0
-284 -188 0
-284 -164 0
-428 -140 0
-428 -116 0
-428 -500 0
-428 -356 0
-428 -404 0
-428 -524 0
-428 -452 0
-428 -260 0
-428 -548 0
-428 -188 0
-428 -164 0
-140 -116 0
-140 -500 0
-140 -356 0
-140 -404 0
-140 -524 0
-140 -452 0
-140 -260 0
-140 -548 0
-140 -188 0
-140 -164 0
-116 -500 0
-116 -356 0
-116 -404 0
-116 -524 0
-116 -452 0
-116 -260 0
-116 -548 0
-116 -188 0
-116 -164 0
-500 -356 0
-500 -404 0
-500 -524 0
-500 -452 0
-500 -260 0
-500 -548 0
-500 -188 0
-500 -164 0
-356 -404 0
-356 -524 0
-356 -452 0
-356 -260 0
-356 -548 0
-356 -188 0
-356 -164 0
-404 -524 0
-404 -452 0
-404 -260 0
-404 -548 0
-404 -188 0
-404 -164 0
-524 -452 0
-524 -260 0
-524 -548 0
-524 -188 0
-524 -164 0
-452 -260 0
-452 -548 0
-452 -188 0
-452 -164 0
-260 -548 0
-260 -188 0
-260 -164 0
-548 -188 0
-548 -164 0
-188 -164 0
48 24 216 384 96 576 312 240 336 480 72 288 432 144 120 504 360 408 528 456 264 552 192 168 0
-48 -24 0
-48 -216 0
-48 -384 0
-48 -96 0
-48 -576 0
-48 -312 0
-48 -240 0
-48 -336 0
-48 -480 0
-48 -72 0
-48 -288 0
-48 -432 0
-48 -144 0
-48 -120 0
-48 -504 0
-48 -360 0
-48 -408 0
-48 -528 0
-48 -456 0
-48 -264 0
-48 -552 0
-48 -192 0
-48 -168 0
-24 -216 0
-24 -384 0
-24 -96 0
-24 -576 0
-24 -312 0
-24 -240 0
-24 -336 0
-24 -480 0
-24 -72 0
-24 -288 0
-24 -432 0
-24 -144 0
-24 -120 0
-24 -504 0
-24 -360 0
-24 -408 0
-24 -528 0
-24 -456 0
-24 -264 0
-24 -552 0
-24 -192 0
-24 -168 0
-216 -384 0
-216 -96 0
-216 -576 0
-216 -312 0
-216 -240 0
-216 -336 0
-216 -480 0
-216 -72 0
-216 -288 0
-216 -432 0
-216 -144 0
-216 -120 0
-216 -504 0
-216 -360 0
-216 -408 0
-216 -528 0
-216 -456 0
-216 -264 0
-216 -552 0
-216 -192 0
-216 -168 0
-384 -96 0
-384 -576 0
-384 -312 0
-384 -240 0
-384 -336 0
-384 -480 0
-384 -72 0
-384 -288 0
-384 -432 0
-384 -144 0
-384 -120 0
-384 -504 0
-384 -360 0
-384 -408 0
-384 -528 0
-384 -456 0
-384 -264 0
-384 -552 0
-384 -192 0
-384 -168 0
-96 -576 0
-96 -312 0
-96 -240 0
-96 -336 0
-96 -480 0
-96 -72 0
-96 -288 0
-96 -432 0
-96 -144 0
-96 -120 0
-96 -504 0
-96 -360 0
-96 -408 0
-96 -528 0
-96 -456 0
-96 -264 0
-96 -552 0
-96 -192 0
-96 -168 0
-576 -312 0
-576 -240 0
-576 -336 0
-576 -480 0
-576 -72 0
-576 -288 0
-576 -432 0
-576 -144 0
-576 -120 0
-576 -504 0
-576 -360 0
-576 -408 0
-576 -528 0
-576 -456 0
-576 -264 0
-576 -552 0
-576 -192 0
-576 -168 0
-312 -240 0
-312 -336 0
-312 -480 0
-312 -72 0
-312 -288 0
-312 -432 0
-312 -144 0
-312 -120 0
-312 -504 0
-312 -360 0
-312 -408 0
-312 -528 0
-312 -456 0
-312 -264 0
-312 -552 0
-312 -192 0
-312 -168 0
-240 -336 0
-240 -480 0
-240 -72 0
-240 -288 0
-240 -432 0
-240 -144 0
-240 -120 0
-240 -504 0
-240 -360 0
-240 -408 0
-240 -528 0
-240 -456 0
-240 -264 0
-240 -552 0
-240 -192 0
-240 -168 0
-336 -480 0
-336 -72 0
-336 -288 0
-336 -432 0
-336 -144 0
-336 -120 0
-336 -504 0
-336 -360 0
-336 -408 0
-336 -528 0
-336 -456 0
-336 -264 0
-336 -552 0
-336 -192 0
-336 -168 0
-480 -72 0
-480 -288 0
-480 -432 0
-480 -144 0
-480 -120 0
-480 -504 0
-480 -360 0
-480 -408 0
-480 -528 0
-480 -456 0
-480 -264 0
-480 -552 0
-480 -192 0
-480 -168 0
-72 -288 0
-72 -432 0
-72 -144 0
-72 -120 0
-72 -504 0
-72 -360 0
-72 -408 0
-72 -528 0
-72 -456 0
-72 -264 0
-72 -552 0
-72 -192 0
-72 -168 0
-288 -432 0
-288 -144 0
-288 -120 0
-288 -504 0
-288 -360 0
-288 -408 0
-288 -528 0
-288 -456 0
-288 -264 0
-288 -552 0
-288 -192 0
-288 -168 0
-432 -144 0
-432 -120 0
-432 -504 0
-432 -360 0
-432 -408 0
-432 -528 0
-432 -456 0
-432 -264 0
-432 -552 0
-432 -192 0
-432 -168 0
-144 -120 0
-144 -504 0
-144 -360 0
-144 -408 0
-144 -528 0
-144 -456 0
-144 -264 0
-144 -552 0
-144 -192 0
-144 -168 0
-120 -504 0
-120 -360 0
-120 -408 0
-120 -528 0
-120 -456 0
-120 -264 0
-120 -552 0
-120 -192 0
-120 -168 0
-504 -360 0
-504 -408 0
-504 -528 0
-504 -456 0
-504 -264 0
-504 -552 0
-504 -192 0
-504 -168 0
-360 -408 0
-360 -528 0
-360 -456 0
-360 -264 0
-360 -552 0
-360 -192 0
-360 -168 0
-408 -528 0
-408 -456 0
-408 -264 0
-408 -552 0
-408 -192 0
-408 -168 0
-528 -456 0
-528 -264 0
-528 -552 0
-528 -192 0
-528 -168 0
-456 -264 0
-456 -552 0
-456 -192 0
-456 -168 0
-264 -552 0
-264 -192 0
-264 -168 0
-552 -192 0
-552 -168 0
-192 -168 0
