c PicoSAT SAT Solver Version 960
c Copyright (c) 2006 - 2014 Armin Biere JKU Linz
c gcc -Wall -Wextra -DNDEBUG -O3
c
c using 2 as default phase
c
c parsing vars-300-5.cnf
c parsed header 'p cnf 300 1275'
c initialized 300 variables
c found 1275 non trivial clauses
c
c random number generator seed 0
c 
c  seconds     variables   original    learned     agility
c         level        used      conflicts    limit          MB
c 
c s   0.0   0.0   300   0.0  1275     0     0     0   0.0   0.1 
c 
c initial reduction limit 1000 clauses
c 
c +   0.0  30.0   300  86.3  1275   100   100  1100  11.9   0.1 
c R   0.0  30.0   300  86.3  1275   102   102  1100  12.2   0.1 
c +   0.0  23.8   300  94.0  1275   221   221  1210  22.9   0.1 
c +   0.0  22.1   300  97.0  1275   367   367  1331  27.4   0.2 
c N   0.0  21.7   300  97.0  1275   406   406  1331  27.5   0.2 
c +   0.0  20.8   300  98.0  1275   543   543  1464  28.0   0.2 
c +   0.0  19.9   300  98.7  1275   755   755  1610  30.1   0.2 
c +   0.0  19.1   300  98.7  1275  1011  1011  1771  29.3   0.3 
c N   0.0  18.5   300  99.0  1275  1209  1209  1771  29.0   0.3 
c +   0.0  18.4   300  99.0  1275  1320  1320  1948  29.5   0.3 
c +   0.0  18.1   300  99.0  1275  1693  1693  2142  30.0   0.4 
c +   0.0  17.9   300  99.0  1275  2144  2144  2356  28.9   0.5 
c +   0.0  17.5   300  99.0  1275  2689  1507  2591  28.6   0.4 
c N   0.0  17.1   300  99.0  1275  3215  2033  2591  29.2   0.4 
c +   0.0  17.0   300  99.0  1275  3348  2166  2850  27.8   0.5 
c +   0.0  16.8   300  99.0  1275  4145  1533  3135  28.2   0.4 
c +   0.1  16.6   300  99.0  1275  5109  2497  3448  29.9   0.5 
c +   0.1  16.5   300  99.0  1275  6275  1935  3792  30.0   0.4 
c +   0.1  16.2   300  99.0  1275  7685  3345  4171  30.0   0.6 
c N   0.1  16.2   300  99.0  1275  8028  3688  4171  30.1   0.7 
c 
c  seconds     variables   original    learned     agility
c         level        used      conflicts    limit          MB
c 
c +   0.1  15.9   300  99.0  1275  9391  2960  4588  28.2   0.6 
c +   0.1  15.9   300  99.0  1275 11455  2724  5046  29.2   0.5 
c +   0.2  15.9   300  99.0  1275 13952  2692  5550  27.6   0.5 
c +   0.2  15.9   300  99.0  1275 16973  2929  6105  29.7   0.5 
c N   0.2  15.9   300  99.0  1275 19271  5227  6105  32.4   0.9 
c +   0.3  15.9   300  99.0  1275 20628  3523  6715  28.9   0.6 
c +   0.3  15.6   300  99.0  1275 25050  4579  7386  29.8   0.7 
c +   0.4  15.3   300  99.0  1275 30400  6230  8124  29.4   1.0 
c +   0.5  15.1   300  99.0  1275 36873  4564  8936  31.4   0.7 
c +   0.7  14.9   300  99.0  1275 44705  7921  9829  30.8   1.3 
c N   0.7  14.9   300  99.0  1275 44921  8137  9829  31.3   1.3 
c +   0.8  15.0   300  99.0  1275 54181  7556 10811  29.3   1.2 
c +   1.1  14.8   300  99.0  1275 65646  8189 11892  28.3   1.3 
c +   1.4  14.6   300  99.0  1275 79518 10157 13081  27.8   1.5 
c +   1.7  14.2   300  99.0  1275 96303  7296 14389  28.9   1.1 
c N   1.9  14.2   300  99.0  1275 102e3 13613 14389  29.3   2.0 
c +   2.2  14.1   300  99.0  1275 116e3 13200 15827  28.6   1.9 
c +   2.8  13.8   300  99.0  1275 141e3 14014 17409  26.7   1.9 
c +   3.5  13.5   300  99.0  1275 170e3  8896 19149  29.9   1.4 
c +   4.4  13.3   300  99.0  1275 206e3 16126 21063  27.6   2.4 
c N   5.1  13.1   300  99.0  1275 230e3 18960 21063  27.6   2.7 
c +   5.6  12.9   300  99.0  1275 250e3 17498 23169  27.1   2.4 
c 
c  seconds     variables   original    learned     agility
c         level        used      conflicts    limit          MB
c 
c s   6.6  12.6   299  99.0  1262 281e3  9283 23169  27.4   1.5 
c N   6.6  12.6   299  99.0  1262 281e3  9383 23169  28.2   1.5 
c N   6.6  12.6   299  99.0  1262 282e3  9684 23169  27.3   1.5 
c N   6.6  12.6   299  99.0  1262 282e3 10490 23169  27.6   1.6 
c N   6.7  12.6   299  99.0  1262 284e3 12498 23169  27.6   1.9 
c N   6.8  12.6   299  99.0  1262 289e3 17305 23169  27.0   2.6 
c N   7.2  12.7   299  99.0  1262 300e3 16947 23169  29.1   2.5 
c +   7.2  12.7   299  99.0  1262 303e3 19086 25485  27.6   2.8 
